{
    "P": [
        [
            [
                [
                    1.0,
                    0.0,
                    4.7683710135970614e-07,
                    -2.943836009007127e-16
                ],
                [
                    4.7670971525803907e-07,
                    -0.023117056116461754,
                    -0.9997327327728271,
                    0.5306564569473267
                ],
                [
                    1.1023070456417372e-08,
                    0.9997327327728271,
                    -0.023117056116461754,
                    -1.3257858753204346
                ]
            ],
            [
                [
                    1.0,
                    0.0,
                    -2.3841855067985307e-07,
                    3.4790112774170953e-16
                ],
                [
                    2.1430648189380008e-07,
                    0.43822214007377625,
                    0.8988667130470276,
                    1.1363269090652466
                ],
                [
                    1.0448028575638091e-07,
                    -0.8988666534423828,
                    0.43822214007377625,
                    -2.596099376678467
                ]
            ]
        ],
        [
            [
                [
                    1.0,
                    0.0,
                    4.7683710135970614e-07,
                    -2.943836009007127e-16
                ],
                [
                    4.7670971525803907e-07,
                    -0.023117056116461754,
                    -0.9997327327728271,
                    0.5306564569473267
                ],
                [
                    1.1023070456417372e-08,
                    0.9997327327728271,
                    -0.023117056116461754,
                    -1.3257858753204346
                ]
            ],
            [
                [
                    1.0,
                    0.0,
                    -2.3841855067985307e-07,
                    3.4790112774170953e-16
                ],
                [
                    2.1430648189380008e-07,
                    0.43822214007377625,
                    0.8988667130470276,
                    1.1363269090652466
                ],
                [
                    1.0448028575638091e-07,
                    -0.8988666534423828,
                    0.43822214007377625,
                    -2.596099376678467
                ]
            ]
        ],
        [
            [
                [
                    1.0,
                    0.00010457030657562425,
                    -1.9411714021089204e-06,
                    -2.9390655194481913e-16
                ],
                [
                    4.767051507315045e-07,
                    -0.023117056116461754,
                    -0.9997327327728271,
                    0.5306564569473267
                ],
                [
                    -0.00010458723591240113,
                    0.9997327327728271,
                    -0.023117056116461754,
                    -1.3251639902591705
                ]
            ],
            [
                [
                    0.9999992460012436,
                    0.0008125127991661427,
                    -0.00039636071886519616,
                    3.555339110360075e-16
                ],
                [
                    2.1437784951672257e-07,
                    0.43822214007377625,
                    0.8988667130470276,
                    1.1363269090652466
                ],
                [
                    0.0009040346678194309,
                    -0.8988659977912903,
                    0.43822181224823,
                    -2.595477557182312
                ]
            ]
        ],
        [
            [
                [
                    0.9999999031424522,
                    0.0003700707235111621,
                    -8.080412544586577e-06,
                    -2.926705614681856e-16
                ],
                [
                    4.76692317619154e-07,
                    -0.02311705551110208,
                    -0.9997327327728271,
                    0.5306564569473267
                ],
                [
                    -0.0003701586159877478,
                    0.9997326359152794,
                    -0.023117054300382734,
                    -1.323556849360466
                ]
            ],
            [
                [
                    0.9999923527240753,
                    0.002876048837788402,
                    -0.0014023912284756074,
                    3.753097586621431e-16
                ],
                [
                    2.1463533670385006e-07,
                    0.438222149759531,
                    0.8988667130470276,
                    1.1363269090652466
                ],
                [
                    0.0031997433165088284,
                    -0.8988598048686981,
                    0.43821878358721733,
                    -2.5938704311847687
                ]
            ]
        ],
        [
            [
                [
                    0.99999960064888,
                    0.0008330127398949113,
                    -1.8785151769407084e-05,
                    -2.9056720925356375e-16
                ],
                [
                    4.766694701174856e-07,
                    -0.023117054440081122,
                    -0.9997327327728271,
                    0.5306564569473267
                ],
                [
                    -0.0008332243596669283,
                    0.9997323334217072,
                    -0.023117047920823097,
                    -1.320714795589447
                ]
            ],
            [
                [
                    0.9999713718891143,
                    0.006475185835734008,
                    -0.0031570694409310805,
                    4.0896339144911517e-16
                ],
                [
                    2.1512745718155202e-07,
                    0.4382221668958664,
                    0.8988667130470276,
                    1.1363269090652466
                ],
                [
                    0.007203826587647197,
                    -0.8988409101963043,
                    0.43820956945419315,
                    -2.59102828502655
                ]
            ]
        ],
        [
            [
                [
                    0.9999988153576851,
                    0.0015244248716044235,
                    -3.4772868275467765e-05,
                    -2.878783878657997e-16
                ],
                [
                    4.766388528310017e-07,
                    -0.02311705588363111,
                    -0.9997327327728271,
                    0.5306564569473267
                ],
                [
                    -0.0015248212657752442,
                    0.9997315481305122,
                    -0.023117027711123228,
                    -1.3163677006959915
                ]
            ],
            [
                [
                    0.999909795820713,
                    0.011853956675622609,
                    -0.005779368220828472,
                    4.519845131392608e-16
                ],
                [
                    2.1573671915575687e-07,
                    0.43822214379906654,
                    0.8988667130470276,
                    1.1363269090652466
                ],
                [
                    0.013187773642130193,
                    -0.8987855240702629,
                    0.4381825923919678,
                    -2.5866810977458954
                ]
            ]
        ],
        [
            [
                [
                    0.9999969065189362,
                    0.0024195513164158903,
                    -5.5471122504968644e-05,
                    -2.829344259592658e-16
                ],
                [
                    4.7660590780651545e-07,
                    -0.023117054905742406,
                    -0.9997327327728271,
                    0.5306564569473267
                ],
                [
                    -0.0024201868916861706,
                    0.9997296392917633,
                    -0.023116984497755767,
                    -1.3105835497379303
                ]
            ],
            [
                [
                    0.9997682929039001,
                    0.01882380372844636,
                    -0.009177360357716678,
                    5.310879003350807e-16
                ],
                [
                    2.1670889580605032e-07,
                    0.4382221594452858,
                    0.8988667130470276,
                    1.1363269090652466
                ],
                [
                    0.020941812964156266,
                    -0.8986583858728409,
                    0.43812057226896284,
                    -2.5808970093727113
                ]
            ]
        ],
        [
            [
                [
                    0.9999936670064926,
                    0.0034763965697493385,
                    -7.990885733306636e-05,
                    -2.8640387291121936e-16
                ],
                [
                    4.765496129266466e-07,
                    -0.023117054253816605,
                    -0.9997327327728271,
                    0.5306564569473267
                ],
                [
                    -0.003477314690826459,
                    0.9997263997793198,
                    -0.023116909945383665,
                    -1.3035914838314056
                ]
            ],
            [
                [
                    0.9995262280106545,
                    0.02705961023457347,
                    -0.01319254201371222,
                    6.643146632900993e-16
                ],
                [
                    2.173834861451951e-07,
                    0.4382221572101116,
                    0.8988667130470276,
                    1.1363269090652466
                ],
                [
                    0.030104246316477644,
                    -0.898440819978714,
                    0.4380144990980625,
                    -2.5739049851894378
                ]
            ]
        ],
        [
            [
                [
                    0.9999887466430664,
                    0.004686812218278645,
                    -0.00010789764928631482,
                    -2.8883248577758695e-16
                ],
                [
                    4.764761513342819e-07,
                    -0.023117054253816605,
                    -0.9997327327728271,
                    0.5306564569473267
                ],
                [
                    -0.00468805395066738,
                    0.9997214913368225,
                    -0.023116796091198922,
                    -1.295397710800171
                ]
            ],
            [
                [
                    0.9991565585136414,
                    0.03649954944849013,
                    -0.017794771492481227,
                    7.919903111219925e-16
                ],
                [
                    2.1813585817653803e-07,
                    0.43822214007377625,
                    0.8988667130470276,
                    1.1363269090652466
                ],
                [
                    0.04060629159212111,
                    -0.8981085062026978,
                    0.43785251975059514,
                    -2.5657112121582033
                ]
            ]
        ],
        [
            [
                [
                    0.9999816328287126,
                    0.006048604228999465,
                    -0.00013938674692326458,
                    -2.6732191467547453e-16
                ],
                [
                    4.76407559801828e-07,
                    -0.023117054253816605,
                    -0.9997327327728271,
                    0.5306564569473267
                ],
                [
                    -0.006050209735985844,
                    0.9997144237160682,
                    -0.02311663297004998,
                    -1.2859546303749085
                ]
            ],
            [
                [
                    0.998621729016304,
                    0.04712846865877509,
                    -0.022976662684231992,
                    7.919903111219925e-16
                ],
                [
                    2.1998167305525841e-07,
                    0.43822214007377625,
                    0.8988667130470276,
                    1.1363269090652466
                ],
                [
                    0.05243109380826354,
                    -0.8976277232170105,
                    0.4376181565225124,
                    -2.5562681317329408
                ]
            ]
        ],
        [
            [
                [
                    0.9999708086252213,
                    0.007589035551063715,
                    -0.00017500654575997027,
                    -2.8744470699680543e-16
                ],
                [
                    4.7636761735248e-07,
                    -0.023117052856832743,
                    -0.9997327327728271,
                    0.5306564569473267
                ],
                [
                    -0.00759105267934501,
                    0.9997035562992096,
                    -0.023116381838917732,
                    -1.2748960554599762
                ]
            ],
            [
                [
                    0.9978032112121582,
                    0.059162421151995645,
                    -0.028843545354902737,
                    1.1250572185095391e-15
                ],
                [
                    2.2043802871962725e-07,
                    0.43822216242551804,
                    0.8988667130470276,
                    1.1363269090652466
                ],
                [
                    0.06581900641322135,
                    -0.8968920409679413,
                    0.4372594729065895,
                    -2.5452096462249756
                ]
            ]
        ],
        [
            [
                [
                    0.9999566063284874,
                    0.009247297118417916,
                    -0.0002133510010025929,
                    -2.6524024650430243e-16
                ],
                [
                    4.7628398505139555e-07,
                    -0.02311705141328275,
                    -0.9997327327728271,
                    0.5306564569473267
                ],
                [
                    -0.009249757532961663,
                    0.999689370393753,
                    -0.02311605345457792,
                    -1.2626628607511519
                ]
            ],
            [
                [
                    0.9967293724417687,
                    0.07212229091674087,
                    -0.035161840356886374,
                    1.2360795209720552e-15
                ],
                [
                    2.2474968623953371e-07,
                    0.4382221542298794,
                    0.898866744339466,
                    1.1363269090652466
                ],
                [
                    0.08023701701313254,
                    -0.8959267809987068,
                    0.4367888897657395,
                    -2.532976418733597
                ]
            ]
        ],
        [
            [
                [
                    0.999938690662384,
                    0.01101523460820317,
                    -0.00025423152110306543,
                    -2.5552579503883217e-16
                ],
                [
                    4.7618868563858997e-07,
                    -0.023117050528526306,
                    -0.9997327327728271,
                    0.5306564569473267
                ],
                [
                    -0.011018167436122892,
                    0.9996714472770691,
                    -0.023115638829767703,
                    -1.249261212348938
                ]
            ],
            [
                [
                    0.9953724622726441,
                    0.08594184964895246,
                    -0.0418992556631565,
                    1.2360795209720552e-15
                ],
                [
                    2.2755236699367743e-07,
                    0.43822214901447293,
                    0.8988667547702789,
                    1.1363269090652466
                ],
                [
                    0.0956114426255226,
                    -0.8947070598602295,
                    0.43619425296783443,
                    -2.5195747137069704
                ]
            ]
        ],
        [
            [
                [
                    0.9999167278409005,
                    0.012884693150408563,
                    -0.00029745951469521963,
                    -2.943836009007127e-16
                ],
                [
                    4.7610665561137465e-07,
                    -0.02311705038882792,
                    -0.9997327327728271,
                    0.5306564569473267
                ],
                [
                    -0.012888125190511343,
                    0.9996494099497796,
                    -0.023115129582583903,
                    -1.234697261452675
                ]
            ],
            [
                [
                    0.9937055677175523,
                    0.10055433437228202,
                    -0.04902324033901095,
                    1.3026929103904977e-15
                ],
                [
                    2.2529802770066e-07,
                    0.4382221676409244,
                    0.8988667085766792,
                    1.1363269090652466
                ],
                [
                    0.11186800599098204,
                    -0.8932087421417236,
                    0.43546377345919607,
                    -2.5050107538700104
                ]
            ]
        ],
        [
            [
                [
                    0.9998889654874801,
                    0.014868187857791777,
                    -0.0003433244361076503,
                    -2.943836009007127e-16
                ],
                [
                    4.760067199072182e-07,
                    -0.02311704894527793,
                    -0.9997327327728271,
                    0.5306564569473267
                ],
                [
                    -0.014872150402516122,
                    0.9996217399835587,
                    -0.023114488646388053,
                    -1.2186654031276705
                ]
            ],
            [
                [
                    0.991598492860794,
                    0.11604930758476253,
                    -0.05657746735960243,
                    1.9910312677144105e-15
                ],
                [
                    2.2559998242854816e-07,
                    0.4382221445441246,
                    0.8988666623830796,
                    1.1363269090652466
                ],
                [
                    0.12910634875297541,
                    -0.8913148045539856,
                    0.4345403864979744,
                    -2.4889788031578064
                ]
            ]
        ],
        [
            [
                [
                    0.9998556151986122,
                    0.01693780545610934,
                    -0.00039118080530897703,
                    -2.249946618616406e-16
                ],
                [
                    4.7586393847609543e-07,
                    -0.02311704750172794,
                    -0.9997327327728271,
                    0.5306564569473267
                ],
                [
                    -0.016942321788519617,
                    0.9995884075760841,
                    -0.023113718489184976,
                    -1.20133475959301
                ]
            ],
            [
                [
                    0.9890595078468323,
                    0.13219801802188152,
                    -0.06445040926337241,
                    2.1242580465512988e-15
                ],
                [
                    2.2816947442549917e-07,
                    0.43822215870022774,
                    0.8988666906952858,
                    1.1363269090652466
                ],
                [
                    0.14707198925316328,
                    -0.8890326172113419,
                    0.43342775478959084,
                    -2.4716482162475586
                ]
            ]
        ],
        [
            [
                [
                    0.9998170614242554,
                    0.019073168933391567,
                    -0.00044055742328055194,
                    -1.3895237745319095e-16
                ],
                [
                    4.757303599944862e-07,
                    -0.023117046803236008,
                    -0.9997327327728271,
                    0.5306564569473267
                ],
                [
                    -0.019078256189823145,
                    0.9995498538017273,
                    -0.023112827911973,
                    -1.1828688621520997
                ]
            ],
            [
                [
                    0.9861222267150879,
                    0.148834416270256,
                    -0.07256111204624174,
                    2.1242580465512988e-15
                ],
                [
                    2.312361147005504e-07,
                    0.43822216987609863,
                    0.8988667130470276,
                    1.1363269090652466
                ],
                [
                    0.1655801802873611,
                    -0.8863923907279968,
                    0.432140588760376,
                    -2.4531823635101317
                ]
            ]
        ],
        [
            [
                [
                    0.999773134291172,
                    0.02126611731946468,
                    -0.0004912655764201189,
                    -1.1119680183756164e-16
                ],
                [
                    4.756237288461307e-07,
                    -0.023117046477273105,
                    -0.9997327327728271,
                    0.5306564569473267
                ],
                [
                    -0.021271790564060207,
                    0.9995059266686439,
                    -0.02311181277036667,
                    -1.163273885846138
                ]
            ],
            [
                [
                    0.9827752396464349,
                    0.16588679067790507,
                    -0.0808746138587594,
                    2.1242580465512988e-15
                ],
                [
                    2.3358325336175766e-07,
                    0.43822216987609863,
                    0.8988667026162147,
                    1.1363269090652466
                ],
                [
                    0.1845511447638273,
                    -0.8833838835358621,
                    0.43067387565970416,
                    -2.433587408065796
                ]
            ]
        ],
        [
            [
                [
                    0.9997231990098954,
                    0.02351161129772663,
                    -0.0005431887388112955,
                    -2.83281370654461e-16
                ],
                [
                    4.755468552275488e-07,
                    -0.023117045033723117,
                    -0.9997327327728271,
                    0.5306564569473267
                ],
                [
                    -0.02351788505911827,
                    0.9994559913873673,
                    -0.023110657930374146,
                    -1.1424548923969269
                ]
            ],
            [
                [
                    0.9789705961942673,
                    0.18330211266875265,
                    -0.0893650609999895,
                    2.1242580465512988e-15
                ],
                [
                    2.3361479577488354e-07,
                    0.43822216987609863,
                    0.898866656422615,
                    1.1363269090652466
                ],
                [
                    0.20392590686678885,
                    -0.8799640327692031,
                    0.4290065869688988,
                    -2.4127685070037845
                ]
            ]
        ],
        [
            [
                [
                    0.9996660038828851,
                    0.02580239153467118,
                    -0.0005961590868537313,
                    -1.3340126233006548e-16
                ],
                [
                    4.754223411396197e-07,
                    -0.023117043590173122,
                    -0.9997327327728271,
                    0.5306564569473267
                ],
                [
                    -0.025809276616200798,
                    0.9993988394737243,
                    -0.023109335638582706,
                    -1.120170706510544
                ]
            ],
            [
                [
                    0.9746096670627594,
                    0.2009940650314092,
                    -0.09799037165939806,
                    2.1242580465512988e-15
                ],
                [
                    2.3354055862512267e-07,
                    0.43822216987609863,
                    0.8988666966557503,
                    1.1363269090652466
                ],
                [
                    0.22360842376947399,
                    -0.8760441601276397,
                    0.4270955316722393,
                    -2.3904843270778655
                ]
            ]
        ],
        [
            [
                [
                    0.9996033608913422,
                    0.028114975430071347,
                    -0.000649633613647893,
                    -7.23389959756814e-17
                ],
                [
                    4.7526225444016745e-07,
                    -0.02311704307794571,
                    -0.9997327327728271,
                    0.5306564569473267
                ],
                [
                    -0.028122479096055024,
                    0.9993362128734589,
                    -0.023107887245714664,
                    -1.0967844128608704
                ]
            ],
            [
                [
                    0.9698361158370972,
                    0.21878446638584134,
                    -0.10666368156671521,
                    3.0124363603723025e-15
                ],
                [
                    2.37107983025453e-07,
                    0.43822216987609863,
                    0.8988666832447052,
                    1.1363269090652466
                ],
                [
                    0.24340046197175977,
                    -0.8717533349990845,
                    0.42500364780426025,
                    -2.3670979738235474
                ]
            ]
        ],
        [
            [
                [
                    0.9995354071259499,
                    0.030441200966015457,
                    -0.0007034235764876938,
                    -1.1276729621298107e-17
                ],
                [
                    4.7511504845942905e-07,
                    -0.023117042565718292,
                    -0.9997327327728271,
                    0.5306564569473267
                ],
                [
                    -0.030449326289817686,
                    0.9992682591080666,
                    -0.02310631591826677,
                    -1.0723021984100343
                ]
            ],
            [
                [
                    0.9646626174449922,
                    0.23660167567431922,
                    -0.11535006351768969,
                    3.9006146741933125e-15
                ],
                [
                    2.4059100667273015e-07,
                    0.43822217807173725,
                    0.8988666698336601,
                    1.1363269090652466
                ],
                [
                    0.2632223159074783,
                    -0.8671029999852181,
                    0.4227365002036094,
                    -2.3426156997680665
                ]
            ]
        ],
        [
            [
                [
                    0.9994623154401779,
                    0.032772907055914395,
                    -0.0007573402574053032,
                    1.3860337870309897e-16
                ],
                [
                    4.750204624315302e-07,
                    -0.023117041122168305,
                    -0.9997327327728271,
                    0.5306564569473267
                ],
                [
                    -0.03278165310621261,
                    0.9991951674222946,
                    -0.02310462575405836,
                    -1.0467302501201632
                ]
            ],
            [
                [
                    0.9591042459011078,
                    0.25437443703413004,
                    -0.12401477769017216,
                    3.9006146741933125e-15
                ],
                [
                    2.406366263585369e-07,
                    0.438222199678421,
                    0.8988667130470276,
                    1.1363269090652466
                ],
                [
                    0.2829947113990783,
                    -0.8621067613363266,
                    0.42030070573091505,
                    -2.3170437574386598
                ]
            ]
        ],
        [
            [
                [
                    0.9993830010294914,
                    0.03509530471637845,
                    -0.0008110417154966853,
                    -3.3481190113800765e-17
                ],
                [
                    4.748811207377912e-07,
                    -0.023117039678618313,
                    -0.9997327327728271,
                    0.5306564569473267
                ],
                [
                    -0.035104671493172646,
                    0.9991158530116081,
                    -0.02310279244557023,
                    -1.0197342485189438
                ]
            ],
            [
                [
                    0.9530825406312943,
                    0.27194682881236076,
                    -0.13258180804550646,
                    3.9006146741933125e-15
                ],
                [
                    2.459748714045418e-07,
                    0.438222199678421,
                    0.8988667130470276,
                    1.1363269090652466
                ],
                [
                    0.30254421234130857,
                    -0.8566941186785697,
                    0.41766187325119974,
                    -2.29004784822464
                ]
            ]
        ],
        [
            [
                [
                    0.9992991447448731,
                    0.03739495500922202,
                    -0.0008642171742394565,
                    -2.0556575893069971e-16
                ],
                [
                    4.74705660735708e-07,
                    -0.023117038235068322,
                    -0.9997327327728271,
                    0.5306564569473267
                ],
                [
                    -0.03740493804216384,
                    0.9990320324897767,
                    -0.023100854083895683,
                    -0.9915712714195253
                ]
            ],
            [
                [
                    0.9467316746711731,
                    0.2892286300659179,
                    -0.14100717306137084,
                    3.9006146741933125e-15
                ],
                [
                    2.6463949325261633e-07,
                    0.4382222175598145,
                    0.8988667130470276,
                    1.1363269090652466
                ],
                [
                    0.3217704355716705,
                    -0.8509855389595032,
                    0.41487879157066343,
                    -2.2618847846984864
                ]
            ]
        ],
        [
            [
                [
                    0.9992116615176201,
                    0.03966435603797435,
                    -0.0009166931486106476,
                    -1.278501472069408e-16
                ],
                [
                    4.745632686820045e-07,
                    -0.02311703679151833,
                    -0.9997327327728271,
                    0.5306564569473267
                ],
                [
                    -0.039674945641309016,
                    0.9989445731043816,
                    -0.023098831297829747,
                    -0.9623456075787545
                ]
            ],
            [
                [
                    0.940121166408062,
                    0.3061692789196967,
                    -0.149266205728054,
                    3.9006146741933125e-15
                ],
                [
                    2.647916979015009e-07,
                    0.4382222294807434,
                    0.8988667130470276,
                    1.1363269090652466
                ],
                [
                    0.3406171165406703,
                    -0.8450435921549797,
                    0.4119819328188896,
                    -2.2326590716838837
                ]
            ]
        ],
        [
            [
                [
                    0.9991210430860519,
                    0.04189536329358816,
                    -0.0009682813571998848,
                    8.309222747184115e-17
                ],
                [
                    4.744239817000562e-07,
                    -0.023117035627365112,
                    -0.9997327327728271,
                    0.5306564569473267
                ],
                [
                    -0.04190654773265123,
                    0.9988539636135101,
                    -0.023096735775470733,
                    -0.9320633769035339
                ]
            ],
            [
                [
                    0.9332905679941178,
                    0.3227055370807647,
                    -0.1573280744254589,
                    4.4335217260133825e-15
                ],
                [
                    2.4550556076974317e-07,
                    0.4382222250103951,
                    0.898866704106331,
                    1.13632692694664
                ],
                [
                    0.35901389718055726,
                    -0.838903832435608,
                    0.4089886248111725,
                    -2.2023768782615663
                ]
            ]
        ],
        [
            [
                [
                    0.9990275934338569,
                    0.044071350339800114,
                    -0.0010185975101194343,
                    -2.6107691016195675e-16
                ],
                [
                    4.7410384382828854e-07,
                    -0.023117035627365112,
                    -0.9997327327728271,
                    0.5306564569473267
                ],
                [
                    -0.04408311797305941,
                    0.9987605601549148,
                    -0.023094576224684714,
                    -0.9005890905857088
                ]
            ],
            [
                [
                    0.92627020329237,
                    0.33869637548923487,
                    -0.16512404121458527,
                    7.186874827083766e-15
                ],
                [
                    2.447786755510606e-07,
                    0.43822220191359523,
                    0.8988666579127311,
                    1.1363270193338395
                ],
                [
                    0.37680388391017905,
                    -0.8325934171676636,
                    0.4059121310710907,
                    -2.170902591943741
                ]
            ]
        ],
        [
            [
                [
                    0.9989323496818543,
                    0.04616820663213728,
                    -0.001067083585076034,
                    -2.943836009007127e-16
                ],
                [
                    4.7411229502358766e-07,
                    -0.02311703432351351,
                    -0.9997327327728271,
                    0.5306564569473267
                ],
                [
                    -0.04618053659796714,
                    0.9986653625965118,
                    -0.023092374950647355,
                    -0.8677932202816011
                ]
            ],
            [
                [
                    0.9191425263881683,
                    0.3539519250392913,
                    -0.1725615635514259,
                    7.453328352993813e-15
                ],
                [
                    2.64854665488201e-07,
                    0.4382222414016724,
                    0.8988666951656341,
                    1.1363269448280335
                ],
                [
                    0.3937758862972259,
                    -0.8261866211891175,
                    0.40278861522674564,
                    -2.138106679916382
                ]
            ]
        ],
        [
            [
                [
                    0.9988367155194282,
                    0.04819101179018616,
                    -0.0011138574394863098,
                    -8.34412262219339e-17
                ],
                [
                    4.740481251985784e-07,
                    -0.023117033764719963,
                    -0.9997327327728271,
                    0.5306564569473267
                ],
                [
                    -0.048203882388770575,
                    0.9985697746276856,
                    -0.02309016389772296,
                    -0.8339677959680558
                ]
            ],
            [
                [
                    0.9120090141892434,
                    0.36855086982250207,
                    -0.17967894636094567,
                    7.453328352993813e-15
                ],
                [
                    2.658985010839388e-07,
                    0.4382222451269627,
                    0.8988667130470276,
                    1.1363269090652466
                ],
                [
                    0.41001739054918285,
                    -0.819774566590786,
                    0.39966255277395246,
                    -2.104281294345856
                ]
            ]
        ],
        [
            [
                [
                    0.9987414330244064,
                    0.050131643190979944,
                    -0.001158731203759089,
                    1.497056089493499e-16
                ],
                [
                    4.739178507406905e-07,
                    -0.023117033299058676,
                    -0.9997327327728271,
                    0.5306564569473267
                ],
                [
                    -0.050145031884312616,
                    0.9984745234251022,
                    -0.02308796066790819,
                    -0.7991190105676653
                ]
            ],
            [
                [
                    0.9049263000488281,
                    0.38244213908910746,
                    -0.18645129725337026,
                    7.453328352993813e-15
                ],
                [
                    2.4605717641179597e-07,
                    0.4382222294807434,
                    0.8988666981458664,
                    1.1363269090652466
                ],
                [
                    0.42547158151865,
                    -0.8134081363677979,
                    0.3965587466955185,
                    -2.069432556629181
                ]
            ]
        ],
        [
            [
                [
                    0.9986472621560097,
                    0.051981980167329314,
