{
    "P": [
        [
            [
                [
                    1.0,
                    0.0,
                    4.7683710135970614e-07,
                    -2.943836009007127e-16
                ],
                [
                    4.7670971525803907e-07,
                    -0.023117056116461754,
                    -0.9997327327728271,
                    0.5306564569473267
                ],
                [
                    1.1023070456417372e-08,
                    0.9997327327728271,
                    -0.023117056116461754,
                    -1.3257858753204346
                ]
            ],
            [
                [
                    1.0,
                    0.0,
                    -2.3841855067985307e-07,
                    3.4790112774170953e-16
                ],
                [
                    2.1430648189380008e-07,
                    0.43822214007377625,
                    0.8988667130470276,
                    1.1363269090652466
                ],
                [
                    1.0448028575638091e-07,
                    -0.8988666534423828,
                    0.43822214007377625,
                    -2.596099376678467
                ]
            ]
        ],
        [
            [
                [
                    1.0,
                    0.0,
                    4.7683710135970614e-07,
                    -2.943836009007127e-16
                ],
                [
                    4.767097152580391e-07,
                    -0.023117056116461754,
                    -0.9997327327728273,
                    0.5306564569473267
                ],
                [
                    1.1023070456417372e-08,
                    0.9997327327728273,
                    -0.023117056116461754,
                    -1.3257858753204346
                ]
            ],
            [
                [
                    1.0,
                    0.0,
                    -2.3841855067985307e-07,
                    3.4790112774170953e-16
                ],
                [
                    2.1430648189380008e-07,
                    0.43822214007377625,
                    0.8988667130470276,
                    1.1363269090652466
                ],
                [
                    1.0448028575638091e-07,
                    -0.8988666534423828,
                    0.43822214007377625,
                    -2.596099376678467
                ]
            ]
        ],
        [
            [
                [
                    1.0,
                    0.0,
                    4.7683710135970614e-07,
                    -2.943836009007127e-16
                ],
                [
                    4.7670971525803907e-07,
                    -0.023117056116461754,
                    -0.9997327327728271,
                    0.5306564569473267
                ],
                [
                    1.1023070456417372e-08,
                    0.9997327327728271,
                    -0.023117056116461754,
                    -1.3257858753204346
                ]
            ],
            [
                [
                    1.0,
                    0.0,
                    -2.3841855067985307e-07,
                    3.4790112774170953e-16
                ],
                [
                    2.1430648189380008e-07,
                    0.43822214007377625,
                    0.8988667130470276,
                    1.1363269090652466
                ],
                [
                    1.0448028575638091e-07,
                    -0.8988666534423828,
                    0.43822214007377625,
                    -2.596099376678467
                ]
            ]
        ],
        [
            [
                [
                    1.0,
                    0.0,
                    4.7683710135970614e-07,
                    -2.943836009007127e-16
                ],
                [
                    4.7670971525803907e-07,
                    -0.023117056116461754,
                    -0.9997327327728271,
                    0.5306564569473267
                ],
                [
                    1.1023070456417372e-08,
                    0.9997327327728271,
                    -0.023117056116461754,
                    -1.3257858753204346
                ]
            ],
            [
                [
                    1.0,
                    0.0,
                    -2.3841855067985307e-07,
                    3.4790112774170953e-16
                ],
                [
                    2.1430648189380008e-07,
                    0.43822214007377625,
                    0.8988667130470276,
                    1.1363269090652466
                ],
                [
                    1.0448028575638091e-07,
                    -0.8988666534423828,
                    0.43822214007377625,
                    -2.596099376678467
                ]
            ]
        ],
        [
            [
                [
                    1.0,
                    5.703834904124961e-05,
                    -8.420766278049998e-07,
                    -2.941233923793162e-16
                ],
                [
                    4.767072255162929e-07,
                    -0.023117056116461754,
                    -0.9997327327728271,
                    0.5306564569473267
                ],
                [
                    -5.704257273837499e-05,
                    0.9997327327728271,
                    -0.023117056116461754,
                    -1.3254466652870178
                ]
            ],
            [
                [
                    0.999999588727951,
                    0.00044318879954516896,
                    -0.0002163051278131434,
                    3.520644640840539e-16
                ],
                [
                    2.1434540968812145e-07,
                    0.43822214007377625,
                    0.8988667130470276,
                    1.1363269090652466
                ],
                [
                    0.0004931573098495791,
                    -0.8988662958145142,
                    0.4382219612598419,
                    -2.5957602024078366
                ]
            ]
        ],
        [
            [
                [
                    1.0,
                    0.00011882989383593667,
                    -2.2708998344000975e-06,
                    -2.9384149981446996e-16
                ],
                [
                    4.76704528296068e-07,
                    -0.023117056116461754,
                    -0.9997327327728271,
                    0.5306564569473267
                ],
                [
                    -0.000118850634864609,
                    0.9997327327728271,
                    -0.023117056116461754,
                    -1.3250791877508163
                ]
            ],
            [
                [
                    0.9999991431832314,
                    0.0009233099990524352,
                    -0.0004503773961808122,
                    3.5657474512159357e-16
                ],
                [
                    2.143875814653029e-07,
                    0.43822214007377625,
                    0.8988667130470276,
                    1.1363269090652466
                ],
                [
                    0.0010272978752103867,
                    -0.8988659083843231,
                    0.4382217675447464,
                    -2.5953927636146545
                ]
            ]
        ],
        [
            [
                [
                    1.0,
                    0.00018062143863062377,
                    -3.699723040995196e-06,
                    -2.9355960724962374e-16
                ],
                [
                    4.767018310758431e-07,
                    -0.023117056116461754,
                    -0.9997327327728271,
                    0.5306564569473267
                ],
                [
                    -0.00018065869699084304,
                    0.9997327327728271,
                    -0.023117056116461754,
                    -1.3247117102146149
                ]
            ],
            [
                [
                    0.9999986976385117,
                    0.0014034311985597018,
                    -0.0006844496645484811,
                    3.610850261591333e-16
                ],
                [
                    2.1442975324248436e-07,
                    0.43822214007377625,
                    0.8988667130470276,
                    1.1363269090652466
                ],
                [
                    0.0015614384405711948,
                    -0.8988655209541321,
                    0.4382215738296509,
                    -2.595025324821472
                ]
            ]
        ],
        [
            [
                [
                    0.9999999180436134,
                    0.00034238720145367545,
                    -7.44027861401264e-06,
                    -2.928006657288839e-16
                ],
                [
                    4.7669371738834343e-07,
                    -0.02311705560423434,
                    -0.9997327327728271,
                    0.5306564569473267
                ],
                [
                    -0.0003424676950089633,
                    0.9997326508164406,
                    -0.023117054579779507,
                    -1.3237258225679398
                ]
            ],
            [
                [
                    0.9999933183193206,
                    0.002660856093280017,
                    -0.0012974788522114975,
                    3.732280904909709e-16
                ],
                [
                    2.146047066275969e-07,
                    0.4382221482694149,
                    0.8988667130470276,
                    1.1363269090652466
                ],
                [
                    0.0029603387927636497,
                    -0.8988606750965119,
                    0.43821920827031136,
                    -2.594039410352707
                ]
            ]
        ],
        [
            [
                [
                    0.9999998211860657,
                    0.0005223300948273391,
                    -1.1601149162743241e-05,
                    -2.9195498803434517e-16
                ],
                [
                    4.76684618888612e-07,
                    -0.023117054998874665,
                    -0.9997327327728271,
                    0.5306564569473267
                ],
                [
                    -0.000522458681371063,
                    0.9997325539588928,
                    -0.023117052763700484,
                    -1.3226274967193605
                ]
            ],
            [
                [
                    0.9999870419502259,
                    0.0040596089325845245,
                    -0.0019794092979282143,
                    3.8675893360359e-16
                ],
                [
                    2.1480380212324236e-07,
                    0.4382221579551697,
                    0.8988667130470276,
                    1.1363269090652466
                ],
                [
                    0.004516468197107316,
                    -0.8988550186157227,
                    0.4382164478302002,
                    -2.5929410457611084
                ]
            ]
        ],
        [
            [
                [
                    0.9999997243285179,
                    0.0007022729882010028,
                    -1.5762019711473843e-05,
                    -2.9110931033980646e-16
                ],
                [
                    4.766755203888806e-07,
                    -0.02311705439351499,
                    -0.9997327327728271,
                    0.5306564569473267
                ],
                [
                    -0.0007024496677331629,
                    0.9997324571013451,
                    -0.023117050947621464,
                    -1.321529170870781
                ]
            ],
            [
                [
                    0.999980765581131,
                    0.005458361771889032,
                    -0.002661339743644931,
                    4.002897767162091e-16
                ],
                [
                    2.1500289761888778e-07,
                    0.4382221676409245,
                    0.8988667130470276,
                    1.1363269090652466
                ],
                [
                    0.006072597601450981,
                    -0.8988493621349335,
                    0.43821368739008904,
                    -2.59184268116951
                ]
            ]
        ],
        [
            [
                [
                    0.9999994486570358,
                    0.0009668344428064302,
                    -2.1879548512515612e-05,
                    -2.900467922107707e-16
                ],
                [
                    4.766635441910694e-07,
                    -0.023117054719477892,
                    -0.9997327327728271,
                    0.5306564569473267
                ],
                [
                    -0.0009670818253653124,
                    0.999732181429863,
                    -0.023117044009268284,
                    -1.319873422384262
                ]
            ],
            [
                [
                    0.9999594539403915,
                    0.00751623825635761,
                    -0.003664611140266061,
                    4.172900601633369e-16
                ],
                [
                    2.1524537885397876e-07,
                    0.43822216242551804,
                    0.8988667130470276,
                    1.1363269090652466
                ],
                [
                    0.008362009888514876,
                    -0.8988301903009415,
                    0.4382043480873108,
                    -2.590186893939972
                ]
            ]
        ],
        [
            [
                [
                    0.9999991193413734,
                    0.0012567814657813872,
                    -2.858407478925074e-05,
                    -2.8891922195138576e-16
                ],
                [
                    4.766507046838342e-07,
                    -0.023117055324837564,
                    -0.9997327327728271,
                    0.5306564569473267
                ],
                [
                    -0.0012571063343784774,
                    0.9997318521142007,
                    -0.023117035534232853,
                    -1.3180504471063614
                ]
            ],
            [
                [
                    0.9999336317181587,
                    0.009771851834375412,
                    -0.004764284822158516,
                    4.353311757108173e-16
                ],
                [
                    2.1550087581090338e-07,
                    0.4382221527397632,
                    0.8988667130470276,
                    1.1363269090652466
                ],
                [
                    0.010871407040394843,
                    -0.8988069638609886,
                    0.4381930351257324,
                    -2.5883638799190525
                ]
            ]
        ],
        [
            [
                [
                    0.999998790025711,
                    0.001546728488756344,
                    -3.528860106598587e-05,
                    -2.877916516920008e-16
                ],
                [
                    4.76637865176599e-07,
                    -0.023117055930197236,
                    -0.9997327327728271,
                    0.5306564569473267
                ],
                [
                    -0.0015471308433916424,
                    0.9997315227985382,
                    -0.023117027059197427,
                    -1.3162274718284608
                ]
            ],
            [
                [
                    0.999907809495926,
                    0.012027465412393214,
                    -0.005863958504050972,
                    4.533722912582978e-16
                ],
                [
                    2.15756372767828e-07,
                    0.4382221430540085,
                    0.8988667130470276,
                    1.1363269090652466
                ],
                [
                    0.013380804192274812,
                    -0.8987837374210358,
                    0.438181722164154,
                    -2.586540865898132
                ]
            ]
        ],
        [
            [
                [
                    0.9999980717897414,
                    0.0019071920047281316,
                    -4.362369809314261e-05,
                    -2.8588345586842635e-16
                ],
                [
                    4.7662421991390143e-07,
                    -0.023117055697366592,
                    -0.9997327327728271,
                    0.5306564569473267
                ],
                [
                    -0.0019076906784903265,
                    0.9997308045625686,
                    -0.023117010621353982,
                    -1.3139070540666582
                ]
            ],
            [
                [
                    0.9998543202877045,
                    0.014833836141042417,
                    -0.007232141424901786,
                    4.839034217885117e-16
                ],
                [
                    2.1613749403570635e-07,
                    0.4382221467792988,
                    0.8988667130470276,
                    1.1363269090652466
                ],
                [
                    0.016502925590612,
                    -0.898735673725605,
                    0.4381582789123058,
                    -2.584220463037491
                ]
            ]
        ],
        [
            [
                [
                    0.9999971807003021,
                    0.002298996184254065,
                    -5.2683493231597814e-05,
                    -2.8362831534965653e-16
                ],
                [
                    4.766102165376651e-07,
                    -0.02311705509200692,
                    -0.9997327327728271,
                    0.5306564569473267
                ],
                [
                    -0.0022995995474047954,
                    0.9997299134731292,
                    -0.02311699064448476,
                    -1.3113655507564546
                ]
            ],
            [
                [
                    0.9997885346412658,
                    0.017884987825527783,
                    -0.008719661785289644,
                    5.199856700888292e-16
                ],
                [
                    2.1657444833067528e-07,
                    0.4382221564650536,
                    0.8988667130470276,
                    1.1363269090652466
                ],
                [
                    0.019897368876263498,
                    -0.8986765712499618,
                    0.43812944442033763,
                    -2.5816789984703066
                ]
            ]
        ],
        [
            [
                [
                    0.9999962896108627,
                    0.0026908003637799993,
                    -6.174328837005305e-05,
                    -2.8137317483088666e-16
                ],
                [
                    4.7659621316142875e-07,
                    -0.02311705448664725,
                    -0.9997327327728271,
                    0.5306564569473267
                ],
                [
                    -0.002691508416319266,
                    0.9997290223836899,
                    -0.023116970667615533,
                    -1.308824047446251
                ]
            ],
            [
                [
                    0.9997227489948273,
                    0.020936139510013163,
                    -0.010207182145677507,
                    5.560679183891468e-16
                ],
                [
                    2.1701140262564422e-07,
                    0.43822216615080833,
                    0.8988667130470276,
                    1.1363269090652466
                ],
                [
                    0.023291812161915004,
                    -0.8986174687743187,
                    0.4381006099283695,
                    -2.579137533903122
                ]
            ]
        ],
        [
            [
                [
                    0.9999948740005493,
                    0.003140271827578545,
                    -7.21365460776724e-05,
                    -2.8328137065446113e-16
                ],
                [
                    4.765714322729764e-07,
                    -0.023117054253816605,
                    -0.9997327327728271,
                    0.5306564569473267
                ],
                [
                    -0.00314110005274415,
                    0.9997276067733765,
                    -0.023116938024759295,
                    -1.3058441638946534
                ]
            ],
            [
                [
                    0.9996168732643127,
                    0.024439048022031788,
                    -0.011914946138858795,
                    6.143546271819675e-16
                ],
                [
                    2.1727547334648988e-07,
                    0.4382221639156342,
                    0.8988667130470276,
                    1.1363269090652466
                ],
                [
                    0.02718883976340294,
                    -0.8985223054885864,
                    0.43805421590805055,
                    -2.5761576652526856
                ]
            ]
        ],
        [
            [
                [
                    0.9999931305646896,
                    0.0036257853440474722,
                    -8.336321789101931e-05,
                    -2.877916516920008e-16
                ],
                [
                    4.76539915439389e-07,
                    -0.023117054253816605,
                    -0.9997327327728271,
                    0.5306564569473267
                ],
                [
                    -0.003626743418863044,
                    0.9997258633375168,
                    -0.023116897465661167,
                    -1.3025902926921846
                ]
            ],
            [
                [
                    0.9994859412312508,
                    0.02822430455125869,
                    -0.013760362402535977,
                    6.865191237826028e-16
                ],
                [
                    2.1743149183350852e-07,
                    0.4382221542298794,
                    0.8988667130470276,
                    1.1363269090652466
                ],
                [
                    0.031399982562288646,
                    -0.8984046041965484,
                    0.4379968471825123,
                    -2.572903794050217
                ]
            ]
        ],
        [
            [
                [
                    0.99999138712883,
                    0.0041112988605164,
                    -9.458988970436624e-05,
                    -2.9230193272954056e-16
                ],
                [
                    4.7650839860580165e-07,
                    -0.023117054253816605,
                    -0.9997327327728271,
                    0.5306564569473267
                ],
                [
                    -0.004112386784981937,
                    0.9997241199016571,
                    -0.023116856906563045,
                    -1.2993364214897154
                ]
            ],
            [
                [
                    0.9993550091981888,
                    0.03200956108048559,
                    -0.015605778666213158,
                    7.58683620383238e-16
                ],
                [
                    2.1758751032052717e-07,
                    0.43822214454412456,
                    0.8988667130470276,
                    1.1363269090652466
                ],
                [
                    0.03561112536117435,
                    -0.8982869029045105,
                    0.43793947845697406,
                    -2.5696499228477476
                ]
            ]
        ],
        [
            [
                [
                    0.9999889761209488,
                    0.0046428834437392645,
                    -0.00010688187194318743,
                    -2.8952637516797763e-16
                ],
                [
                    4.76478363964361e-07,
                    -0.023117054253816605,
                    -0.9997327327728271,
                    0.5306564569473267
                ],
                [
                    -0.004644113441463559,
                    0.9997217193245888,
                    -0.023116801353171467,
                    -1.2957023262977598
                ]
            ],
            [
                [
                    0.9991738110780716,
                    0.036156681086868044,
                    -0.017627613712102173,
                    7.919903111219925e-16
                ],
                [
                    2.1807631576109542e-07,
                    0.43822214007377625,
                    0.8988667130470276,
                    1.1363269090652466
                ],
                [
                    0.040224846359342335,
                    -0.8981240153312683,
                    0.43786007985472675,
                    -2.5660158276557925
                ]
            ]
        ],
        [
            [
                [
                    0.9999859929084778,
                    0.005213957512751222,
                    -0.00012008697740384378,
                    -2.8050581309289825e-16
                ],
                [
                    4.76449599773332e-07,
                    -0.023117054253816605,
                    -0.9997327327728271,
                    0.5306564569473267
                ],
                [
                    -0.005215340061113238,
                    0.9997187554836273,
                    -0.023116732947528362,
                    -1.2917423248291016
                ]
            ],
            [
                [
                    0.9989495277404785,
                    0.040613969787955284,
                    -0.019800664857029915,
                    7.919903111219925e-16
                ],
                [
                    2.1885036716184914e-07,
                    0.43822214007377625,
                    0.8988667130470276,
                    1.1363269090652466
                ],
                [
                    0.045183634385466576,
                    -0.8979223966598511,
                    0.4377617985010147,
                    -2.562055826187134
                ]
            ]
        ],
        [
            [
                [
                    0.9999830096960067,
                    0.005785031581763178,
                    -0.00013329208286450012,
                    -2.714852510178189e-16
                ],
                [
                    4.7642083558230295e-07,
                    -0.023117054253816605,
                    -0.9997327327728271,
                    0.5306564569473267
                ],
                [
                    -0.0057865666807629165,
                    0.9997157916426659,
                    -0.023116664541885254,
                    -1.2877823233604433
                ]
            ],
            [
                [
                    0.9987252444028855,
                    0.04507125848904252,
                    -0.021973716001957657,
                    7.919903111219925e-16
                ],
                [
                    2.1962441856260285e-07,
                    0.43822214007377625,
                    0.8988667130470276,
                    1.1363269090652466
                ],
                [
                    0.05014242241159082,
                    -0.8977207779884339,
                    0.4376635171473026,
                    -2.558095824718475
                ]
            ]
        ],
        [
            [
                [
                    0.9999792844057084,
                    0.006391833513043822,
                    -0.00014732332856510767,
                    -2.707913616274281e-16
                ],
                [
                    4.763978012078951e-07,
                    -0.02311705397441983,
                    -0.9997327327728271,
                    0.5306564569473267
                ],
                [
                    -0.006393530732020736,
                    0.9997120678424836,
                    -0.023116578534245494,
                    -1.2834992229938507
                ]
            ],
            [
                [
                    0.9984442234039306,
                    0.04980955384671689,
                    -0.024283765442669393,
                    8.586036925995021e-16
                ],
                [
                    2.2012057812048625e-07,
                    0.43822214454412456,
                    0.8988667130470276,
                    1.1363269090652466
                ],
                [
                    0.05541383251547814,
                    -0.8974681794643402,
                    0.43754037171602245,
                    -2.5538127422332764
                ]
            ]
        ],
        [
            [
                [
                    0.9999746933579444,
                    0.007040317950304599,
                    -0.00016231840454565828,
                    -2.7981192370250757e-16
                ],
                [
                    4.7638145161954526e-07,
                    -0.023117053369060156,
                    -0.9997327327728271,
                    0.5306564569473267
                ],
                [
                    -0.007042188453488052,
                    0.9997074574232101,
                    -0.023116471990942956,
                    -1.2788391739130018
                ]
            ],
            [
                [
                    0.9980970084667207,
                    0.0548756903037429,
                    -0.026753646228462463,
                    1.0029326858007725e-15
                ],
                [
                    2.202925305283543e-07,
                    0.4382221542298794,
                    0.8988667130470276,
                    1.1363269090652466
                ],
                [
                    0.06104996837675572,
                    -0.8971561044454575,
                    0.43738821819424634,
                    -2.5491527318954468
                ]
            ]
        ],
        [
            [
                [
                    0.9999701023101807,
                    0.007688802387565375,
                    -0.0001773134805262089,
                    -2.8883248577758695e-16
                ],
                [
                    4.763651020311954e-07,
                    -0.023117052763700487,
                    -0.9997327327728271,
                    0.5306564569473267
                ],
                [
                    -0.007690846174955369,
                    0.9997028470039367,
                    -0.023116365447640418,
                    -1.2741791248321532
                ]
            ],
            [
                [
                    0.9977497935295105,
                    0.0599418267607689,
                    -0.02922352701425553,
                    1.147261679002043e-15
                ],
                [
                    2.2046448293622235e-07,
                    0.4382221639156342,
                    0.8988667130470276,
                    1.1363269090652466
                ],
                [
                    0.06668610423803331,
                    -0.8968440294265747,
                    0.4372360646724701,
                    -2.544492721557617
                ]
            ]
        ],
        [
            [
                [
                    0.9999647364020348,
                    0.008363923872821033,
                    -0.00019292450087959878,
                    -2.874447069968055e-16
                ],
                [
                    4.763381227235186e-07,
                    -0.02311705215834081,
                    -0.9997327327728271,
                    0.5306564569473267
                ],
                [
                    -0.008366148103959858,
                    0.9996974766254425,
                    -0.023116241209208965,
                    -1.2692522257566452
                ]
            ],
            [
                [
                    0.9973440393805504,
                    0.06521726865321398,
                    -0.03179545048624277,
                    1.2360795209720552e-15
                ],
                [
                    2.2156539181139578e-07,
                    0.43822216615080833,
                    0.8988667204976082,
                    1.1363269090652466
                ],
                [
                    0.07255509588867426,
                    -0.8964793160557747,
                    0.4370582550764084,
                    -2.539565831422806
                ]
            ]
        ],
        [
            [
                [
                    0.9999581307172776,
                    0.009081664634868505,
                    -0.0002095210322295316,
                    -2.6940358284664663e-16
                ],
                [
                    4.7629413586491863e-07,
                    -0.02311705155298114,
                    -0.9997327327728271,
                    0.5306564569473267
                ],
                [
                    -0.00908408076502383,
                    0.9996908903121948,
                    -0.023116088658571246,
                    -1.263898366689682
                ]
            ],
            [
                [
                    0.9968446224927903,
                    0.07082759924232962,
                    -0.03453064225614072,
                    1.2360795209720552e-15
                ],
                [
                    2.2415263103425787e-07,
                    0.4382221564650536,
                    0.8988667398691177,
                    1.1363269090652466
                ],
                [
                    0.07879665680229667,
                    -0.896030381321907,
                    0.4368393957614899,
                    -2.5342119336128235
                ]
            ]
        ],
        [
            [
                [
                    0.9999515250325203,
                    0.009799405396915973,
                    -0.00022611756357946436,
                    -2.5136245869648787e-16
                ],
                [
                    4.7625014900631866e-07,
                    -0.023117050947621464,
                    -0.9997327327728271,
                    0.5306564569473267
                ],
                [
                    -0.009802013426087797,
                    0.9996843039989471,
                    -0.02311593610793352,
                    -1.2585445076227186
                ]
            ],
            [
                [
                    0.9963452056050301,
                    0.07643792983144522,
                    -0.03726583402603865,
                    1.2360795209720552e-15
                ],
                [
                    2.2673987025711996e-07,
                    0.4382221467792988,
                    0.8988667592406272,
                    1.1363269090652466
                ],
                [
                    0.08503821771591902,
                    -0.8955814465880394,
                    0.4366205364465714,
                    -2.528858035802841
                ]
            ]
        ],
        [
            [
                [
                    0.9999441981315613,
                    0.010535946767777204,
                    -0.00024314882030012085,
                    -2.4442356479258065e-16
                ],
                [
                    4.7620935959002966e-07,
                    -0.023117050528526306,
                    -0.9997327327728271,
                    0.5306564569473267
                ],
                [
                    -0.010538751631975173,
                    0.9996769785881043,
                    -0.02311576660722494,
                    -1.2529790639877318
                ]
            ],
            [
                [
                    0.995790457725525,
                    0.08219528645277023,
                    -0.04007270410656928,
                    1.2360795209720552e-15
                ],
                [
                    2.2820481291319086e-07,
                    0.4382221430540085,
                    0.8988667666912078,
                    1.1363269090652466
                ],
                [
                    0.09144334644079208,
                    -0.8950827836990356,
                    0.4363774299621582,
                    -2.523292565345764
                ]
            ]
        ],
        [
            [
                [
                    0.9999352484941483,
                    0.011314789508469404,
                    -0.00026115820910490586,
                    -2.624646889427395e-16
                ],
                [
                    4.7617576441894017e-07,
                    -0.023117050528526306,
                    -0.9997327327728271,
                    0.5306564569473267
                ],
                [
                    -0.011317802313715222,
                    0.9996679902076722,
                    -0.02311555896885693,
                    -1.2469375550746917
                ]
            ],
            [
                [
                    0.9951112151145936,
                    0.0882834516465664,
                    -0.043040850386023524,
                    1.2360795209720552e-15
                ],
                [
                    2.2714458829398155e-07,
                    0.4382221527397632,
                    0.8988667473196983,
                    1.1363269090652466
                ],
                [
                    0.0982165027409792,
                    -0.8944722324609757,
                    0.4360797673463821,
                    -2.517251056432724
                ]
            ]
        ],
        [
            [
                [
                    0.9999262988567352,
                    0.012093632249161601,
                    -0.0002791675979096908,
                    -2.8050581309289825e-16
                ],
                [
                    4.761421692478507e-07,
                    -0.023117050528526306,
                    -0.9997327327728271,
                    0.5306564569473267
                ],
                [
                    -0.012096852995455265,
                    0.99965900182724,
                    -0.02311535133048892,
                    -1.2408960461616516
                ]
            ],
            [
                [
                    0.9944319725036621,
                    0.09437161684036255,
                    -0.04600899666547775,
                    1.2360795209720552e-15
                ],
                [
                    2.2608436367477225e-07,
                    0.43822216242551804,
                    0.8988667279481888,
                    1.1363269090652466
                ],
                [
                    0.1049896590411663,
                    -0.8938616812229156,
                    0.4357821047306061,
                    -2.511209547519684
                ]
            ]
        ],
        [
            [
                [
                    0.9999167278409005,
                    0.012884693150408568,
                    -0.0002974595146952198,
