{
    "P": [
        [
            [
                [
                    1.0,
                    0.0,
                    4.7683710135970614e-07,
                    -2.943836009007127e-16
                ],
                [
                    4.7670971525803907e-07,
                    -0.023117056116461754,
                    -0.9997327327728271,
                    0.5306564569473267
                ],
                [
                    1.1023070456417372e-08,
                    0.9997327327728271,
                    -0.023117056116461754,
                    -1.3257858753204346
                ]
            ],
            [
                [
                    1.0,
                    0.0,
                    -2.3841855067985307e-07,
                    3.4790112774170953e-16
                ],
                [
                    2.1430648189380008e-07,
                    0.43822214007377625,
                    0.8988667130470276,
                    1.1363269090652466
                ],
                [
                    1.0448028575638091e-07,
                    -0.8988666534423828,
                    0.43822214007377625,
                    -2.596099376678467
                ]
            ]
        ],
        [
            [
                [
                    1.0,
                    0.0,
                    4.768371013597061e-07,
                    -2.943836009007127e-16
                ],
                [
                    4.7670971525803907e-07,
                    -0.023117056116461754,
                    -0.9997327327728271,
                    0.5306564569473267
                ],
                [
                    1.1023070456417372e-08,
                    0.9997327327728271,
                    -0.023117056116461754,
                    -1.3257858753204346
                ]
            ],
            [
                [
                    1.0,
                    0.0,
                    -2.3841855067985304e-07,
                    3.4790112774170953e-16
                ],
                [
                    2.1430648189380008e-07,
                    0.43822214007377625,
                    0.8988667130470276,
                    1.1363269090652466
                ],
                [
                    1.0448028575638091e-07,
                    -0.8988666534423828,
                    0.43822214007377625,
                    -2.596099376678467
                ]
            ]
        ],
        [
            [
                [
                    1.0,
                    0.0,
                    4.7683710135970614e-07,
                    -2.943836009007127e-16
                ],
                [
                    4.7670971525803907e-07,
                    -0.023117056116461754,
                    -0.9997327327728271,
                    0.5306564569473267
                ],
                [
                    1.1023070456417372e-08,
                    0.9997327327728271,
                    -0.023117056116461754,
                    -1.3257858753204346
                ]
            ],
            [
                [
                    1.0,
                    0.0,
                    -2.3841855067985307e-07,
                    3.4790112774170953e-16
                ],
                [
                    2.1430648189380008e-07,
                    0.43822214007377625,
                    0.8988667130470276,
                    1.1363269090652466
                ],
                [
                    1.0448028575638091e-07,
                    -0.8988666534423828,
                    0.43822214007377625,
                    -2.596099376678467
                ]
            ]
        ],
        [
            [
                [
                    1.0,
                    8.080432780843695e-05,
                    -1.3916240149569605e-06,
                    -2.940149721620677e-16
                ],
                [
                    4.767061881238987e-07,
                    -0.023117056116461754,
                    -0.9997327327728271,
                    0.5306564569473267
                ],
                [
                    -8.081490432538808e-05,
                    0.9997327327728271,
                    -0.023117056116461754,
                    -1.3253053277730942
                ]
            ],
            [
                [
                    0.9999994173645973,
                    0.000627850799355656,
                    -0.00030633292333916986,
                    3.537991875600307e-16
                ],
                [
                    2.14361629602422e-07,
                    0.43822214007377625,
                    0.8988667130470276,
                    1.1363269090652466
                ],
                [
                    0.0006985959888345052,
                    -0.8988661468029022,
                    0.43822188675403595,
                    -2.595618879795074
                ]
            ]
        ],
        [
            [
                [
                    1.0,
                    0.00017111504712374884,
                    -3.479904086134412e-06,
                    -2.9360297533652317e-16
                ],
                [
                    4.7670224603280074e-07,
                    -0.023117056116461754,
                    -0.9997327327728271,
                    0.5306564569473267
                ],
                [
                    -0.00017114976435603782,
                    0.9997327327728271,
                    -0.023117056116461754,
                    -1.3247682452201843
                ]
            ],
            [
                [
                    0.9999987661838532,
                    0.0013295663986355069,
                    -0.0006484385463380705,
                    3.6039113676874257e-16
                ],
                [
                    2.1442326527676412e-07,
                    0.43822214007377625,
                    0.8988667130470276,
                    1.1363269090652466
                ],
                [
                    0.0014792629689772243,
                    -0.8988655805587769,
                    0.43822160363197327,
                    -2.595081853866577
                ]
            ]
        ],
        [
            [
                [
                    0.999999888241291,
                    0.0003977542455686489,
                    -8.720546475160518e-06,
                    -2.9254045720748735e-16
                ],
                [
                    4.7669091784996453e-07,
                    -0.023117055417969823,
                    -0.9997327327728271,
                    0.5306564569473267
                ],
                [
                    -0.00039784953696653247,
                    0.9997326210141182,
                    -0.02311705402098596,
                    -1.3233878761529922
                ]
            ],
            [
                [
                    0.99999138712883,
                    0.0030912415822967887,
                    -0.0015073036047397181,
                    3.7739142683331525e-16
                ],
                [
                    2.146659667801032e-07,
                    0.43822215124964714,
                    0.8988667130470276,
                    1.1363269090652466
                ],
                [
                    0.0034391478402540088,
                    -0.8988589346408844,
                    0.4382183589041233,
                    -2.5937014520168304
                ]
            ]
        ],
        [
            [
                [
                    0.9999997466802597,
                    0.0006607477051147726,
                    -1.4801818815612933e-05,
                    -2.913044667308539e-16
                ],
                [
                    4.766776200426648e-07,
                    -0.023117054533213374,
                    -0.9997327327728271,
                    0.5306564569473267
                ],
                [
                    -0.0006609132862649858,
                    0.9997324794530869,
                    -0.023117051366716622,
                    -1.3217826306819915
                ]
            ],
            [
                [
                    0.9999822139739991,
                    0.005135572655126453,
                    -0.0025039711792487654,
                    3.9716727445945086e-16
                ],
                [
                    2.149569525045081e-07,
                    0.43822216540575026,
                    0.8988667130470276,
                    1.1363269090652466
                ],
                [
                    0.005713490815833212,
                    -0.898850667476654,
                    0.43821432441473007,
                    -2.5920961499214172
                ]
            ]
        ],
        [
            [
                [
                    0.9999993726611137,
                    0.0010337452942621897,
                    -2.3426746884069876e-05,
                    -2.8978658368937416e-16
                ],
                [
                    4.7666058122786126e-07,
                    -0.023117054859176277,
                    -0.9997327327728271,
                    0.5306564569473267
                ],
                [
                    -0.0010340105582145045,
                    0.999732105433941,
                    -0.023117042053490876,
                    -1.3194527357816697
                ]
            ],
            [
                [
                    0.9999534949660301,
                    0.008036764466669412,
                    -0.003918381989933551,
                    4.214533945204478e-16
                ],
                [
                    2.1530433969019214e-07,
                    0.4382221601903439,
                    0.8988667130470276,
                    1.1363269090652466
                ],
                [
                    0.008941101538948715,
                    -0.89882483035326,
                    0.43820173740386964,
                    -2.589766198396683
                ]
            ]
        ],
        [
            [
                [
                    0.9999988913536072,
                    0.0014575140201486649,
                    -3.322566990391352e-05,
                    -2.881385963871962e-16
                ],
                [
                    4.7664181579420983e-07,
                    -0.023117055743932725,
                    -0.9997327327728271,
                    0.5306564569473267
                ],
                [
                    -0.001457892532926053,
                    0.9997316241264342,
                    -0.023117029666900636,
                    -1.316788387298584
                ]
            ],
            [
                [
                    0.9999157547950744,
                    0.011333430465310813,
                    -0.005525597371160985,
                    4.4782117878215e-16
                ],
                [
                    2.156777583195435e-07,
                    0.4382221460342407,
                    0.8988667130470276,
                    1.1363269090652466
                ],
                [
                    0.01260868199169636,
                    -0.8987908840179444,
                    0.4381852030754089,
                    -2.5871017932891847
                ]
            ]
        ],
        [
            [
                [
                    0.9999979346990586,
                    0.0019674695708090445,
                    -4.501751272982802e-05,
                    -2.8553651117323095e-16
                ],
                [
                    4.766220655483267e-07,
                    -0.02311705560423434,
                    -0.9997327327728271,
                    0.5306564569473267
                ],
                [
                    -0.0019679843506310137,
                    0.9997306674718858,
                    -0.023117007547989486,
                    -1.313516053557396
                ]
            ],
            [
                [
                    0.9998441994190216,
                    0.015303244092501705,
                    -0.007460990711115302,
                    4.894545369116374e-16
                ],
                [
                    2.1620471777339392e-07,
                    0.43822214826941486,
                    0.8988667130470276,
                    1.1363269090652466
                ],
                [
                    0.017025147634558382,
                    -0.8987265810370445,
                    0.43815384283661846,
                    -2.5838294684886933
                ]
            ]
        ],
        [
            [
                [
                    0.9999966323375702,
                    0.002540106448577717,
                    -5.82587517783395e-05,
                    -2.8224053656887506e-16
                ],
                [
                    4.766015990753658e-07,
                    -0.023117054719477892,
                    -0.9997327327728271,
                    0.5306564569473267
                ],
                [
                    -0.0025407742359675467,
                    0.9997293651103973,
                    -0.023116978351026773,
                    -1.3098015487194061
                ]
            ],
            [
                [
                    0.9997480511665344,
                    0.01976261963136494,
                    -0.009635058930143714,
                    5.421901305813323e-16
                ],
                [
                    2.168433432814254e-07,
                    0.43822216242551804,
                    0.8988667130470276,
                    1.1363269090652466
                ],
                [
                    0.02198625705204904,
                    -0.8986402004957199,
                    0.43811170011758804,
                    -2.580115020275116
                ]
            ]
        ],
        [
            [
                [
                    0.9999947398900986,
                    0.0031776190211530784,
                    -7.300013621716064e-05,
                    -2.8362831534965653e-16
                ],
                [
                    4.7656900790116194e-07,
                    -0.023117054253816605,
                    -0.9997327327728271,
                    0.5306564569473267
                ],
                [
                    -0.0031784572347532966,
                    0.9997274726629257,
                    -0.023116934904828666,
                    -1.3055938661098478
                ]
            ],
            [
                [
                    0.9996068015694618,
                    0.02473022160120309,
                    -0.012056901236064734,
                    6.199057423050934e-16
                ],
                [
                    2.1728747476856824e-07,
                    0.4382221631705761,
                    0.8988667130470276,
                    1.1363269090652466
                ],
                [
                    0.02751277382485569,
                    -0.8985132515430451,
                    0.43804980292916296,
                    -2.57590736746788
                ]
            ]
        ],
        [
            [
                [
                    0.9999921917915344,
                    0.003887215699069202,
                    -8.940834886743689e-05,
                    -2.902202645583684e-16
                ],
                [
                    4.765229448366881e-07,
                    -0.023117054253816605,
                    -0.9997327327728271,
                    0.5306564569473267
                ],
                [
                    -0.0038882436929270625,
                    0.9997249245643616,
                    -0.023116875626146793,
                    -1.3008382081985475
                ]
            ],
            [
                [
                    0.9994154393672943,
                    0.030262519605457786,
                    -0.014754048082977533,
                    7.253769296444832e-16
                ],
                [
                    2.17515501788057e-07,
                    0.43822214901447293,
                    0.8988667130470276,
                    1.1363269090652466
                ],
                [
                    0.03366752099245787,
                    -0.8983412265777588,
                    0.43796595633029933,
                    -2.5711517095565797
                ]
            ]
        ],
        [
            [
                [
                    0.9999889761209488,
                    0.004642883443739266,
                    -0.00010688187194318746,
                    -2.8952637516797763e-16
                ],
                [
                    4.76478363964361e-07,
                    -0.023117054253816605,
                    -0.9997327327728271,
                    0.5306564569473267
                ],
                [
                    -0.004644113441463561,
                    0.9997217193245888,
                    -0.023116801353171467,
                    -1.2957023262977598
                ]
            ],
            [
                [
                    0.9991738110780716,
                    0.03615668108686806,
                    -0.01762761371210218,
                    7.919903111219925e-16
                ],
                [
                    2.1807631576109542e-07,
                    0.43822214007377625,
                    0.8988667130470276,
                    1.1363269090652466
                ],
                [
                    0.04022484635934235,
                    -0.8981240153312683,
                    0.43786007985472675,
                    -2.566015827655792
                ]
            ]
        ],
        [
            [
                [
                    0.9999846160411834,
                    0.005477530159987509,
                    -0.00012618164146260824,
                    -2.763424767505539e-16
                ],
                [
                    4.764363239928571e-07,
                    -0.023117054253816605,
                    -0.9997327327728271,
                    0.5306564569473267
                ],
                [
                    -0.005478983116336168,
                    0.9997173875570298,
                    -0.023116701375693084,
                    -1.2899146318435668
                ]
            ],
            [
                [
                    0.9988460123538971,
                    0.04267117995768786,
                    -0.02080361153930426,
                    7.919903111219925e-16
                ],
                [
                    2.192076216545047e-07,
                    0.43822214007377625,
                    0.8988667130470276,
                    1.1363269090652466
                ],
                [
                    0.047472305782139304,
                    -0.8978293418884278,
                    0.4377164378762245,
                    -2.560228133201599
                ]
            ]
        ],
        [
            [
                [
                    0.9999796375632286,
                    0.006341950094792994,
                    -0.0001461698611819884,
                    -2.700974722370374e-16
                ],
                [
                    4.763990588685374e-07,
                    -0.02311705402098596,
                    -0.9997327327728271,
                    0.5306564569473267
                ],
                [
                    -0.006343633984215559,
                    0.9997124224901199,
                    -0.023116586729884148,
                    -1.2838576883077621
                ]
            ],
            [
                [
                    0.9984709322452545,
                    0.04941985104233028,
                    -0.02409377461299301,
                    8.475014623532508e-16
                ],
                [
                    2.201073510121887e-07,
                    0.43822214379906654,
                    0.8988667130470276,
                    1.1363269090652466
                ],
                [
                    0.05498028360307218,
                    -0.8974921852350235,
                    0.4375520758330822,
                    -2.5541712045669556
                ]
            ]
        ],
        [
            [
                [
                    0.9999729275703431,
                    0.007289735041558745,
                    -0.00016808574146125467,
                    -2.832813706544612e-16
                ],
                [
                    4.763751633163338e-07,
                    -0.023117053136229512,
                    -0.9997327327728271,
                    0.5306564569473267
                ],
                [
                    -0.007291672192513943,
                    0.999705684185028,
                    -0.023116431012749673,
                    -1.2770468473434446
                ]
            ],
            [
                [
                    0.9979634642601014,
                    0.056824204325675975,
                    -0.02770360037684441,
                    1.0584438370320304e-15
                ],
                [
                    2.20358666069842e-07,
                    0.43822215795516967,
                    0.8988667130470276,
                    1.1363269090652466
                ],
                [
                    0.06321771293878556,
                    -0.897036075592041,
                    0.43732969760894774,
                    -2.547360420227051
                ]
            ]
        ],
        [
            [
                [
                    0.9999657526612282,
                    0.008253502217121424,
                    -0.00019037118836422458,
                    -2.902202645583683e-16
                ],
                [
                    4.76344889932534e-07,
                    -0.02311705225147307,
                    -0.9997327327728271,
                    0.5306564569473267
                ],
                [
                    -0.008255696925334635,
                    0.9996984899044037,
                    -0.023116264678537845,
                    -1.270075896382332
                ]
            ],
            [
                [
                    0.9974208727478981,
                    0.06435414087027314,
                    -0.03137465175241233,
                    1.2360795209720552e-15
                ],
                [
                    2.2116735500787855e-07,
                    0.4382221676409244,
                    0.8988667175173759,
                    1.1363269090652466
                ],
                [
                    0.071594855748117,
                    -0.8965483829379082,
                    0.43709192574024197,
                    -2.540389508008957
                ]
            ]
        ],
        [
            [
                [
                    0.9999560981988906,
                    0.009302507946267725,
                    -0.00021462765726028014,
                    -2.6385246772352087e-16
                ],
                [
                    4.762806014468879e-07,
                    -0.023117051366716622,
                    -0.9997327327728271,
                    0.5306564569473267
                ],
                [
                    -0.00930498312227428,
                    0.9996888637542725,
                    -0.023116041719913483,
                    -1.2622510254383088
                ]
            ],
            [
                [
                    0.9966909557580947,
                    0.07255385480821135,
                    -0.035372239723801616,
                    1.2360795209720552e-15
                ],
                [
                    2.2494870464129235e-07,
                    0.4382221534848213,
                    0.8988667458295823,
                    1.1363269090652466
                ],
                [
                    0.08071713708341123,
                    -0.8958922475576401,
                    0.4367720544338226,
                    -2.5325645804405212
                ]
            ]
        ],
        [
            [
                [
                    0.9999462634325027,
                    0.010356213827617467,
                    -0.00023899280749901665,
                    -2.4026022845023635e-16
                ],
                [
                    4.762171123218195e-07,
                    -0.023117050528526306,
                    -0.9997327327728271,
                    0.5306564569473267
                ],
                [
                    -0.01035897070541978,
                    0.9996790528297423,
                    -0.023115814523771407,
                    -1.2543732583522798
                ]
            ],
            [
                [
                    0.9959472060203551,
                    0.08079032525420189,
                    -0.039387747272849084,
                    1.2360795209720552e-15
                ],
                [
                    2.2844948013300834e-07,
                    0.4382221408188343,
                    0.8988667711615563,
                    1.1363269090652466
                ],
                [
                    0.08988031037151814,
                    -0.895223680138588,
                    0.4364461213350296,
                    -2.524686759710312
                ]
            ]
        ],
        [
            [
                [
                    0.9999331831932068,
                    0.01149452244862914,
                    -0.00026531422190601006,
                    -2.666280252850838e-16
                ],
                [
                    4.761680116871503e-07,
                    -0.023117050528526306,
                    -0.9997327327728271,
                    0.5306564569473267
                ],
                [
                    -0.011497583240270615,
                    0.9996659159660339,
                    -0.023115511052310467,
                    -1.245543360710144
                ]
            ],
            [
                [
                    0.9949544668197632,
                    0.08968841284513474,
                    -0.04372580721974373,
                    1.2360795209720552e-15
                ],
                [
                    2.26899921074164e-07,
                    0.43822215497493744,
                    0.89886674284935,
                    1.1363269090652466
                ],
                [
                    0.09977953881025314,
                    -0.8943313360214233,
                    0.43601107597351074,
                    -2.5158568620681763
                ]
            ]
        ],
        [
            [
                [
                    0.9999201029539109,
                    0.012632831069640818,
                    -0.00029163563631300353,
                    -2.9299582211993134e-16
                ],
                [
                    4.761189110524811e-07,
                    -0.023117050528526306,
                    -0.9997327327728271,
                    0.5306564569473267
                ],
                [
                    -0.012636195775121454,
                    0.9996527791023255,
                    -0.023115207580849527,
                    -1.2367134630680083
                ]
            ],
            [
                [
                    0.9939617276191712,
                    0.0985865004360676,
                    -0.04806386716663839,
                    1.2360795209720552e-15
                ],
                [
                    2.2535036201531966e-07,
                    0.43822216913104056,
                    0.8988667145371437,
                    1.1363269090652466
                ],
                [
                    0.10967876724898817,
                    -0.8934389919042588,
                    0.4355760306119919,
                    -2.5070269644260406
                ]
            ]
        ],
        [
            [
                [
                    0.9999032944440842,
                    0.013844448653981092,
                    -0.0003196522186044604,
                    -2.943836009007127e-16
                ],
                [
                    4.7605829962549255e-07,
                    -0.02311704969033599,
                    -0.9997327327728271,
                    0.5306564569473267
                ],
                [
                    -0.0138481373898685,
                    0.9996360212564468,
                    -0.023114819452166556,
                    -1.2269399106502532
                ]
            ],
            [
                [
                    0.9926860153675079,
                    0.10805190205574038,
                    -0.052678511478006854,
                    1.6357598574827157e-15
                ],
                [
                    2.254441348270575e-07,
                    0.4382221564650536,
                    0.8988666862249375,
                    1.1363269090652466
                ],
                [
                    0.12020913958549502,
                    -0.892292320728302,
                    0.43501697331666944,
                    -2.4972533583641052
                ]
            ]
        ],
        [
            [
                [
                    0.9998862788081169,
                    0.015060138958506287,
                    -0.0003477629768894986,
                    -2.943836009007127e-16
                ],
                [
                    4.759970487100418e-07,
                    -0.02311704880557954,
                    -0.9997327327728271,
                    0.5306564569473267
                ],
                [
                    -0.015064152842387558,
                    0.999619062244892,
                    -0.023114426620304586,
                    -1.2171139329671858
                ]
            ],
            [
                [
                    0.9913945823907852,
                    0.11754882112145425,
                    -0.057308521587401635,
                    2.0576446571328562e-15
                ],
                [
                    2.2562920385382767e-07,
                    0.43822214230895046,
                    0.8988666579127312,
                    1.1363269090652466
                ],
                [
                    0.13077457547187807,
                    -0.8911315202713013,
                    0.4344510264694691,
                    -2.4874273240566254
                ]
            ]
        ],
        [
            [
                [
                    0.9998656868934631,
                    0.016330947913229466,
                    -0.0003771482617594302,
                    -2.499746799157064e-16
                ],
                [
                    4.7590837652933256e-07,
                    -0.0231170479208231,
                    -0.9997327327728271,
                    0.5306564569473267
                ],
                [
                    -0.016335301846265794,
                    0.9995984792709351,
                    -0.023113951086997986,
                    -1.206456732749939
                ]
            ],
            [
                [
                    0.9898267269134522,
                    0.12746413201093673,
                    -0.06214250922203064,
                    2.1242580465512988e-15
                ],
                [
                    2.2726549673279808e-07,
                    0.43822215199470516,
                    0.8988666772842406,
                    1.1363269090652466
                ],
                [
                    0.14180548191070558,
                    -0.8897222399711608,
                    0.4337639629840851,
                    -2.4767701625823975
                ]
            ]
        ],
        [
            [
                [
                    0.9998444244265556,
                    0.017612091614864767,
                    -0.00040677252036402933,
                    -1.9723908624601151e-16
                ],
                [
                    4.7581456286138746e-07,
                    -0.02311704703606665,
                    -0.9997327327728271,
                    0.5306564569473267
                ],
                [
                    -0.017616788391023874,
                    0.9995772168040276,
                    -0.02311346004717052,
                    -1.1956436783075333
                ]
            ],
            [
                [
                    0.9882070422172546,
                    0.13745789136737585,
                    -0.06701474264264107,
                    2.1242580465512988e-15
                ],
                [
                    2.2917389408405597e-07,
                    0.43822216615080833,
                    0.898866705596447,
                    1.1363269090652466
                ],
                [
                    0.15292366407811642,
                    -0.8882663697004318,
                    0.43305419012904167,
                    -2.4659571647644043
                ]
            ]
        ],
        [
            [
                [
                    0.9998197823762893,
                    0.01893267715349794,
                    -0.00043730879260692754,
                    -1.4450349257631642e-16
                ],
                [
                    4.757377993769296e-07,
                    -0.023117046803236008,
                    -0.9997327327728271,
                    0.5306564569473267
                ],
                [
                    -0.01893772687762976,
                    0.9995525747537612,
                    -0.023112890776246786,
                    -1.1841100215911864
                ]
            ],
            [
                [
                    0.9863295495510102,
                    0.14774109274148944,
                    -0.07202808670699598,
                    2.1242580465512988e-15
                ],
                [
                    2.3104111335214839e-07,
                    0.43822216987609863,
                    0.8988667130470276,
                    1.1363269090652466
                ],
                [
                    0.16436384543776517,
                    -0.8865787476301193,
                    0.43223144114017487,
                    -2.454423522949219
                ]
            ]
        ],
        [
            [
                [
                    0.9997939333319663,
                    0.020267349062487488,
                    -0.000468170784006361,
                    -9.176789890662152e-17
                ],
                [
                    4.7566712524371724e-07,
                    -0.023117046803236008,
                    -0.9997327327728271,
                    0.5306564569473267
                ],
                [
                    -0.020272755343467,
                    0.9995267257094383,
                    -0.023112293565645814,
                    -1.1723190069198608
                ]
            ],
            [
                [
                    0.9843599826097489,
                    0.15812766626477245,
                    -0.07709182742983103,
                    2.1242580465512988e-15
                ],
                [
                    2.328936261619674e-07,
                    0.43822216987609863,
                    0.8988667130470276,
                    1.1363269090652466
                ],
                [
                    0.17591902650892738,
                    -0.8848083570599556,
                    0.4313683435320854,
                    -2.4426325082778932
                ]
            ]
        ],
        [
            [
                [
                    0.9997650802135467,
                    0.02162829376757145,
                    -0.0004996402800315991,
                    -1.3895237745319095e-16
                ],
                [
                    4.756113298753917e-07,
                    -0.02311704624444246,
                    -0.9997327327728271,
                    0.5306564569473267
                ],
                [
                    -0.02163406386971474,
                    0.9994978725910186,
                    -0.023111626505851746,
                    -1.1599159836769104
                ]
            ],
            [
                [
                    0.9821615874767303,
                    0.1686957135796547,
                    -0.08224404081702233,
                    2.1242580465512988e-15
                ],
                [
                    2.335883408477457e-07,
                    0.43822216987609863,
                    0.8988666951656342,
                    1.1363269090652466
                ],
                [
                    0.18767610639333726,
                    -0.88283229470253,
                    0.4304049581289291,
                    -2.4302295207977296
                ]
            ]
        ],
        [
            [
                [
                    0.9997344747185708,
                    0.02300456427037716,
                    -0.0005314641537552234,
                    -2.4442356479258074e-16
                ],
                [
                    4.755642137865834e-07,
                    -0.02311704535968602,
                    -0.9997327327728271,
                    0.5306564569473267
                ],
                [
                    -0.023010702431201936,
                    0.9994672670960426,
                    -0.023110918700695038,
                    -1.1471559554338455
                ]
            ],
            [
                [
                    0.9798297092318535,
                    0.17936962060630324,
                    -0.08744786325842142,
                    2.1242580465512988e-15
                ],
                [
                    2.336076732945003e-07,
                    0.43822216987609863,
                    0.8988666668534279,
                    1.1363269090652466
                ],
                [
                    0.19955096058547497,
                    -0.8807362571358681,
                    0.42938307151198385,
                    -2.417469549179077
                ]
            ]
        ],
        [
            [
                [
                    0.9997013658285141,
                    0.02439645072445274,
                    -0.0005636491259792821,
                    -2.388724496694545e-16
                ],
                [
                    4.755006699497244e-07,
                    -0.02311704447492957,
                    -0.9997327327728271,
                    0.5306564569473267
                ],
                [
                    -0.024402960669249303,
                    0.9994341731071472,
                    -0.023110153153538704,
                    -1.133890688419342
                ]
            ],
            [
                [
                    0.9773060083389282,
                    0.19013891741633418,
                    -0.09269819036126138,
                    2.1242580465512988e-15
                ],
                [
                    2.335905300299146e-07,
                    0.43822216987609863,
                    0.898866668343544,
                    1.1363269090652466
                ],
                [
                    0.21153193712234503,
                    -0.8784677982330322,
                    0.4282771274447441,
                    -2.404204308986664
                ]
            ]
        ],
        [
            [
                [
                    0.9996660038828851,
                    0.025802391534671194,
