{
    "P": [
        [
            [
                [
                    1.0,
                    0.0,
                    4.7683710135970614e-07,
                    -2.943836009007127e-16
                ],
                [
                    4.7670971525803907e-07,
                    -0.023117056116461754,
                    -0.9997327327728271,
                    0.5306564569473267
                ],
                [
                    1.1023070456417372e-08,
                    0.9997327327728271,
                    -0.023117056116461754,
                    -1.3257858753204346
                ]
            ],
            [
                [
                    1.0,
                    0.0,
                    -2.3841855067985307e-07,
                    3.4790112774170953e-16
                ],
                [
                    2.1430648189380008e-07,
                    0.43822214007377625,
                    0.8988667130470276,
                    1.1363269090652466
                ],
                [
                    1.0448028575638091e-07,
                    -0.8988666534423828,
                    0.43822214007377625,
                    -2.596099376678467
                ]
            ]
        ],
        [
            [
                [
                    1.0,
                    0.0,
                    4.7683710135970614e-07,
                    -2.943836009007127e-16
                ],
                [
                    4.7670971525803907e-07,
                    -0.023117056116461754,
                    -0.9997327327728271,
                    0.5306564569473267
                ],
                [
                    1.1023070456417372e-08,
                    0.9997327327728271,
                    -0.023117056116461754,
                    -1.3257858753204346
                ]
            ],
            [
                [
                    1.0,
                    0.0,
                    -2.3841855067985307e-07,
                    3.4790112774170953e-16
                ],
                [
                    2.1430648189380008e-07,
                    0.43822214007377625,
                    0.8988667130470276,
                    1.1363269090652466
                ],
                [
                    1.0448028575638091e-07,
                    -0.8988666534423828,
                    0.43822214007377625,
                    -2.596099376678467
                ]
            ]
        ],
        [
            [
                [
                    1.0,
                    4.753195753437467e-05,
                    -6.222576729442153e-07,
                    -2.941667604662156e-16
                ],
                [
                    4.7670764047325065e-07,
                    -0.023117056116461754,
                    -0.9997327327728271,
                    0.5306564569473267
                ],
                [
                    -4.753364010356975e-05,
                    0.9997327327728271,
                    -0.023117056116461754,
                    -1.3255032002925873
                ]
            ],
            [
                [
                    0.9999996572732925,
                    0.00036932399962097406,
                    -0.00018029400960273279,
                    3.5137057469366315e-16
                ],
                [
                    2.143389217224012e-07,
                    0.43822214007377625,
                    0.8988667130470276,
                    1.1363269090652466
                ],
                [
                    0.0004109818382556085,
                    -0.8988663554191589,
                    0.4382219910621643,
                    -2.595816731452942
                ]
            ]
        ],
        [
            [
                [
                    1.0,
                    0.00016636185137031134,
                    -3.369994608704019e-06,
                    -2.9362465937997286e-16
                ],
                [
                    4.767024535112796e-07,
                    -0.023117056116461754,
                    -0.9997327327728271,
                    0.5306564569473267
                ],
                [
                    -0.00016639529803863518,
                    0.9997327327728271,
                    -0.023117056116461754,
                    -1.324796512722969
                ]
            ],
            [
                [
                    0.9999988004565239,
                    0.0012926339986734092,
                    -0.0006304329872328651,
                    3.600441920735472e-16
                ],
                [
                    2.1442002129390403e-07,
                    0.43822214007377625,
                    0.8988667130470276,
                    1.1363269090652466
                ],
                [
                    0.0014381752331802389,
                    -0.8988656103610992,
                    0.43822161853313446,
                    -2.5951101183891296
                ]
            ]
        ],
        [
            [
                [
                    0.9999998509883881,
                    0.00046696305071236566,
                    -1.0320881301595364e-05,
                    -2.922151965557417e-16
                ],
                [
                    4.766874184269909e-07,
                    -0.02311705518513918,
                    -0.9997327327728271,
                    0.5306564569473267
                ],
                [
                    -0.00046707683941349387,
                    0.9997325837612152,
                    -0.02311705332249403,
                    -1.3229654431343079
                ]
            ],
            [
                [
                    0.9999889731407166,
                    0.003629223443567753,
                    -0.0017695845453999937,
                    3.8259559726124567e-16
                ],
                [
                    2.1474254197073606e-07,
                    0.43822215497493744,
                    0.8988667130470276,
                    1.1363269090652466
                ],
                [
                    0.004037659149616957,
                    -0.8988567590713501,
                    0.43821729719638824,
                    -2.593279004096985
                ]
            ]
        ],
        [
            [
                [
                    0.999999575316906,
                    0.0008553163570468314,
                    -1.930088455992518e-05,
                    -2.904804730797649e-16
                ],
                [
                    4.766684824630829e-07,
                    -0.02311705448664725,
                    -0.9997327327728271,
                    0.5306564569473267
                ],
                [
                    -0.0008555339372833259,
                    0.9997323080897331,
                    -0.023117047268897295,
                    -1.3205745667219162
                ]
            ],
            [
                [
                    0.9999693855643272,
                    0.00664869457250461,
                    -0.0032416597241535783,
                    4.1035116956815214e-16
                ],
                [
                    2.1514711079362314e-07,
                    0.43822216615080833,
                    0.8988667130470276,
                    1.1363269090652466
                ],
                [
                    0.007396857137791812,
                    -0.8988391235470772,
                    0.4382086992263794,
                    -2.5908880531787872
                ]
            ]
        ],
        [
            [
                [
                    0.9999989420175552,
                    0.0014129067858448252,
                    -3.219420432287734e-05,
                    -2.883120687347939e-16
                ],
                [
                    4.7664379110301525e-07,
                    -0.023117055650800467,
                    -0.9997327327728271,
                    0.5306564569473267
                ],
                [
                    -0.0014132733776932582,
                    0.9997316747903824,
                    -0.02311703097075224,
                    -1.3170688450336456
                ]
            ],
            [
                [
                    0.9999197274446487,
                    0.010986412991769612,
                    -0.005356416804715991,
                    4.45045622544076e-16
                ],
                [
                    2.1563845109540125e-07,
                    0.43822214752435684,
                    0.8988667130470276,
                    1.1363269090652466
                ],
                [
                    0.012222620891407132,
                    -0.8987944573163986,
                    0.4381869435310364,
                    -2.5873822569847107
                ]
            ]
        ],
        [
            [
                [
                    0.9999976605176926,
                    0.00208802470297087,
                    -4.780514200319885e-05,
                    -2.8484262178284027e-16
                ],
                [
                    4.76617756817177e-07,
                    -0.023117055417969823,
                    -0.9997327327728271,
                    0.5306564569473267
                ],
                [
                    -0.002088571694912389,
                    0.9997303932905197,
                    -0.023117001401260495,
                    -1.3127340525388718
                ]
            ],
            [
                [
                    0.9998239576816559,
                    0.016242059995420277,
                    -0.007918689283542335,
                    5.00556767157889e-16
                ],
                [
                    2.1633916524876895e-07,
                    0.43822215124964714,
                    0.8988667130470276,
                    1.1363269090652466
                ],
                [
                    0.01806959172245115,
                    -0.8987083956599236,
                    0.4381449706852436,
                    -2.583047479391098
                ]
            ]
        ],
        [
            [
                [
                    0.9999959468841553,
                    0.0028414942789822817,
                    -6.52278249617666e-05,
                    -2.8050581309289825e-16
                ],
                [
                    4.765908272474917e-07,
                    -0.023117054253816605,
                    -0.9997327327728271,
                    0.5306564569473267
                ],
                [
                    -0.0028422425966709852,
                    0.9997286796569824,
                    -0.023116962984204292,
                    -1.3078465461730957
                ]
            ],
            [
                [
                    0.9996974468231201,
                    0.022109659388661385,
                    -0.0107793053612113,
                    5.699457061969612e-16
                ],
                [
                    2.1717946196986304e-07,
                    0.43822216987609863,
                    0.8988667130470276,
                    1.1363269090652466
                ],
                [
                    0.024597367271780968,
                    -0.8985947370529175,
                    0.438089519739151,
                    -2.578160047531128
                ]
            ]
        ],
        [
            [
                [
                    0.9999925941228867,
                    0.0037751741183456033,
                    -8.68175784489722e-05,
                    -2.891794304727823e-16
                ],
                [
                    4.7653021795213135e-07,
                    -0.023117054253816605,
                    -0.9997327327728271,
                    0.5306564569473267
                ],
                [
                    -0.0037761721468996257,
                    0.9997253268957138,
                    -0.023116884985938668,
                    -1.3015891015529633
                ]
            ],
            [
                [
                    0.9994456544518471,
                    0.029388998867943883,
                    -0.014328182791359723,
                    7.087235842751058e-16
                ],
                [
                    2.1747949752182194e-07,
                    0.43822215124964714,
                    0.8988667130470276,
                    1.1363269090652466
                ],
                [
                    0.03269571880809963,
                    -0.8983683884143829,
                    0.43797919526696205,
                    -2.5719026029109955
                ]
            ]
        ],
        [
            [
                [
                    0.9999882876873016,
                    0.004774669767357409,
                    -0.00010992920397256967,
                    -2.874447069968055e-16
                ],
                [
                    4.764717260741236e-07,
                    -0.023117054253816605,
                    -0.9997327327728271,
                    0.5306564569473267
                ],
                [
                    -0.004775934969075024,
                    0.99972103536129,
                    -0.023116785567253828,
                    -1.2947884798049927
                ]
            ],
            [
                [
                    0.9991220533847809,
                    0.03718528617173433,
                    -0.018129087053239346,
                    7.919903111219925e-16
                ],
                [
                    2.182549430074232e-07,
                    0.43822214007377625,
                    0.8988667130470276,
                    1.1363269090652466
                ],
                [
                    0.0413691820576787,
                    -0.8980774879455566,
                    0.4378373995423317,
                    -2.565101981163025
                ]
            ]
        ],
        [
            [
                [
                    0.999982550740242,
                    0.005872889130841941,
                    -0.00013532363755075494,
                    -2.700974722370374e-16
                ],
                [
                    4.7641641032214466e-07,
                    -0.023117054253816605,
                    -0.9997327327728271,
                    0.5306564569473267
                ],
                [
                    -0.00587444769917056,
                    0.9997153356671333,
                    -0.023116654017940164,
                    -1.287173092365265
                ]
            ],
            [
                [
                    0.998690739274025,
                    0.04575699521228671,
                    -0.02230803156271577,
                    7.919903111219925e-16
                ],
                [
                    2.1974350339348803e-07,
                    0.43822214007377625,
                    0.8988667130470276,
                    1.1363269090652466
                ],
                [
                    0.05090531287714839,
                    -0.8976897597312927,
                    0.43764839693903923,
                    -2.557486593723297
                ]
            ]
        ],
        [
            [
                [
                    0.9999743402004242,
                    0.007090201368555427,
                    -0.00016347187192877755,
                    -2.8050581309289825e-16
                ],
                [
                    4.7638019395890296e-07,
                    -0.02311705332249403,
                    -0.9997327327728271,
                    0.5306564569473267
                ],
                [
                    -0.00709208520129323,
                    0.9997071027755737,
                    -0.0231164637953043,
                    -1.2784807085990906
                ]
            ],
            [
                [
                    0.9980702996253967,
                    0.0552653931081295,
                    -0.026943637058138847,
                    1.0140349160470239e-15
                ],
                [
                    2.2030575763665183e-07,
                    0.43822215497493744,
                    0.8988667130470276,
                    1.1363269090652466
                ],
                [
                    0.06148351728916168,
                    -0.8971320986747742,
                    0.4373765140771866,
                    -2.5487942695617676
                ]
            ]
        ],
        [
            [
                [
                    0.9999647364020348,
                    0.008363923872821033,
                    -0.00019292450087959878,
                    -2.874447069968055e-16
                ],
                [
                    4.763381227235186e-07,
                    -0.02311705215834081,
                    -0.9997327327728271,
                    0.5306564569473267
                ],
                [
                    -0.008366148103959858,
                    0.9996974766254425,
                    -0.023116241209208965,
                    -1.2692522257566452
                ]
            ],
            [
                [
                    0.9973440393805504,
                    0.06521726865321398,
                    -0.03179545048624277,
                    1.2360795209720552e-15
                ],
                [
                    2.2156539181139578e-07,
                    0.43822216615080833,
                    0.8988667204976082,
                    1.1363269090652466
                ],
                [
                    0.07255509588867426,
                    -0.8964793160557747,
                    0.4370582550764084,
                    -2.539565831422806
                ]
            ]
        ],
        [
            [
                [
                    0.999952033162117,
                    0.009744194569066167,
                    -0.0002248409073217772,
                    -2.5275023747726934e-16
                ],
                [
                    4.7625353261082637e-07,
                    -0.023117050994187593,
                    -0.9997327327728271,
                    0.5306564569473267
                ],
                [
                    -0.009746787836775184,
                    0.9996848106384277,
                    -0.02311594784259796,
                    -1.2589563429355621
                ]
            ],
            [
                [
                    0.9963836222887039,
                    0.07600636593997478,
                    -0.03705543465912342,
                    1.2360795209720552e-15
                ],
                [
                    2.2654085185536132e-07,
                    0.43822214752435684,
                    0.8988667577505112,
                    1.1363269090652466
                ],
                [
                    0.08455809764564037,
                    -0.8956159800291061,
                    0.43663737177848816,
                    -2.5292698740959167
                ]
            ]
        ],
        [
            [
                [
                    0.9999366253614426,
                    0.01119496754836291,
                    -0.0002583875339041697,
                    -2.5968913138117657e-16
                ],
                [
                    4.761809329068001e-07,
                    -0.023117050528526306,
                    -0.9997327327728271,
                    0.5306564569473267
                ],
                [
                    -0.01119794836267829,
                    0.9996693730354309,
                    -0.02311559091322124,
                    -1.2478670179843903
                ]
            ],
            [
                [
                    0.9952157139778137,
                    0.08734681084752083,
                    -0.04258421249687672,
                    1.2360795209720552e-15
                ],
                [
                    2.273076997738599e-07,
                    0.43822215124964714,
                    0.8988667502999306,
                    1.1363269090652466
                ],
                [
                    0.09717447869479656,
                    -0.8945661634206772,
                    0.4361255615949631,
                    -2.5181805193424225
                ]
            ]
        ],
        [
            [
                [
                    0.9999194145202637,
                    0.012692742049694061,
                    -0.00029302097391337156,
                    -2.943836009007127e-16
                ],
                [
                    4.761163268085511e-07,
                    -0.023117050528526306,
                    -0.9997327327728271,
                    0.5306564569473267
                ],
                [
                    -0.012696122750639915,
                    0.999652087688446,
                    -0.023115191608667374,
                    -1.2362487316131592
                ]
            ],
            [
                [
                    0.993909478187561,
                    0.09905482083559036,
                    -0.04829218611121178,
                    1.2360795209720552e-15
                ],
                [
                    2.2526880627538048e-07,
                    0.43822216987609863,
                    0.8988667130470276,
                    1.1363269090652466
                ],
                [
                    0.11019977927207947,
                    -0.893392026424408,
                    0.4355531334877014,
                    -2.5065622329711914
                ]
            ]
        ],
        [
            [
                [
                    0.9998970255255699,
                    0.014292334555648267,
                    -0.000330008813762106,
                    -2.943836009007127e-16
                ],
                [
                    4.760357334987475e-07,
                    -0.023117049364373088,
                    -0.9997327327728271,
                    0.5306564569473267
                ],
                [
                    -0.014296143082901835,
                    0.9996297731995583,
                    -0.023114674724638462,
                    -1.2233198136091232
                ]
            ],
            [
                [
                    0.9922102242708206,
                    0.11155076697468758,
                    -0.05438430467620492,
                    1.7911910994590824e-15
                ],
                [
                    2.2551231815270967e-07,
                    0.43822215124964714,
                    0.8988666757941246,
                    1.1363269090652466
                ],
                [
                    0.1241016685962677,
                    -0.8918646574020386,
                    0.43480846658349037,
                    -2.4936332404613495
                ]
            ]
        ],
        [
            [
                [
                    0.9998724013566971,
                    0.015926376217976213,
                    -0.00036779323272639886,
                    -2.666280252850838e-16
                ],
                [
                    4.759380018981574e-07,
                    -0.02311704820021987,
                    -0.9997327327728271,
                    0.5306564569473267
                ],
                [
                    -0.01593062188476324,
                    0.999605193734169,
                    -0.02311410615220666,
                    -1.209871381521225
                ]
            ],
            [
                [
                    0.9903382062911987,
                    0.12430820800364017,
                    -0.06060390919446945,
                    2.1242580465512988e-15
                ],
                [
                    2.2666284493766398e-07,
                    0.43822214752435684,
                    0.898866668343544,
                    1.1363269090652466
                ],
                [
                    0.13829447701573372,
                    -0.8901819884777069,
                    0.4339881017804146,
                    -2.48018479347229
                ]
            ]
        ],
        [
            [
                [
                    0.9998444244265556,
                    0.017612091614864767,
                    -0.00040677252036402933,
                    -1.9723908624601151e-16
                ],
                [
                    4.7581456286138746e-07,
                    -0.02311704703606665,
                    -0.9997327327728271,
                    0.5306564569473267
                ],
                [
                    -0.017616788391023874,
                    0.9995772168040276,
                    -0.02311346004717052,
                    -1.1956436783075333
                ]
            ],
            [
                [
                    0.9882070422172546,
                    0.13745789136737585,
                    -0.06701474264264107,
                    2.1242580465512988e-15
                ],
                [
                    2.2917389408405597e-07,
                    0.43822216615080833,
                    0.898866705596447,
                    1.1363269090652466
                ],
                [
                    0.15292366407811642,
                    -0.8882663697004318,
                    0.43305419012904167,
                    -2.4659571647644043
                ]
            ]
        ],
        [
            [
                [
                    0.9998116195201874,
                    0.019354152493178844,
                    -0.0004470546846278012,
                    -1.2785014720693923e-16
                ],
                [
                    4.757154812295994e-07,
                    -0.023117046803236008,
                    -0.9997327327728271,
                    0.5306564569473267
                ],
                [
                    -0.019359314814209938,
                    0.9995444118976593,
                    -0.023112702183425426,
                    -1.1803865432739258
                ]
            ],
            [
                [
                    0.9857075810432434,
                    0.1510210633277893,
                    -0.07362716272473335,
                    2.1242580465512988e-15
                ],
                [
                    2.316261173973544e-07,
                    0.43822216987609863,
                    0.8988667130470276,
                    1.1363269090652466
                ],
                [
                    0.1680128499865532,
                    -0.8860196769237518,
                    0.4319588840007782,
                    -2.450700044631958
                ]
            ]
        ],
        [
            [
                [
                    0.9997763559222221,
                    0.021121246740221977,
                    -0.000487915694975527,
                    -1.0009457159131032e-16
                ],
                [
                    4.756286884344263e-07,
                    -0.023117046570405364,
                    -0.9997327327728271,
                    0.5306564569473267
                ],
                [
                    -0.0211268812417984,
                    0.9995091482996941,
                    -0.023111887276172638,
                    -1.164617046713829
                ]
            ],
            [
                [
                    0.9830207005143166,
                    0.16476322151720524,
                    -0.08032684307545424,
                    2.1242580465512988e-15
                ],
                [
                    2.3358121836736245e-07,
                    0.43822216987609863,
                    0.898866705596447,
                    1.1363269090652466
                ],
                [
                    0.18330116011202335,
                    -0.8836045190691948,
                    0.43078144267201424,
                    -2.4349305629730225
                ]
            ]
        ],
        [
            [
                [
                    0.9997360855340958,
                    0.022932128980755806,
                    -0.0005297892130329274,
                    -2.388724496694549e-16
                ],
                [
                    4.755666935807312e-07,
                    -0.023117045406252146,
                    -0.9997327327728271,
                    0.5306564569473267
                ],
                [
                    -0.02293824777007103,
                    0.9994688779115677,
                    -0.023110955953598022,
                    -1.147827535867691
                ]
            ],
            [
                [
                    0.9799524396657944,
                    0.1788078360259533,
                    -0.08717397786676884,
                    2.1242580465512988e-15
                ],
                [
                    2.3360665579730266e-07,
                    0.43822216987609863,
                    0.898866668343544,
                    1.1363269090652466
                ],
                [
                    0.19892596825957298,
                    -0.8808465749025345,
                    0.4294368550181389,
                    -2.4181411266326904
                ]
            ]
        ],
        [
            [
                [
                    0.9996920600533485,
                    0.024766435148194432,
                    -0.0005722043788409792,
                    -2.1111687405382597e-16
                ],
                [
                    4.7548005710496e-07,
                    -0.023117044242098927,
                    -0.9997327327728271,
                    0.5306564569473267
                ],
                [
                    -0.024773043813183904,
                    0.9994248747825623,
                    -0.023109938018023968,
                    -1.1302801668643951
                ]
            ],
            [
                [
                    0.9765964448451996,
                    0.19299553520977497,
                    -0.09409086965024471,
                    2.1242580465512988e-15
                ],
                [
                    2.335773796602325e-07,
                    0.43822216987609863,
                    0.8988666757941246,
                    1.1363269090652466
                ],
                [
                    0.21470995992422104,
                    -0.8778299987316132,
                    0.4279661811888218,
                    -2.400593787431717
                ]
            ]
        ],
        [
            [
                [
                    0.9996455311775208,
                    0.026616357266902924,
                    -0.0006149806431494653,
                    -7.23389959756814e-17
                ],
                [
                    4.75376992881138e-07,
                    -0.02311704307794571,
                    -0.9997327327728271,
                    0.5306564569473267
                ],
                [
                    -0.02662345953285694,
                    0.9993783831596375,
                    -0.023108862340450287,
                    -1.1122275590896606
                ]
            ],
            [
                [
                    0.9730486273765564,
                    0.20727862417697906,
                    -0.10105426609516144,
                    2.1242580465512988e-15
                ],
                [
                    2.335116278118221e-07,
                    0.43822216987609863,
                    0.8988667130470276,
                    1.1363269090652466
                ],
                [
                    0.23060007393360138,
                    -0.8746410012245178,
                    0.4264114499092102,
                    -2.3825411796569824
                ]
            ]
        ],
        [
            [
                [
                    0.9995928183197975,
                    0.02848962997086346,
                    -0.0006582968562725,
                    -7.23389959756814e-17
                ],
                [
                    4.752335698299248e-07,
                    -0.02311704307794571,
                    -0.9997327327728271,
                    0.5306564569473267
                ],
                [
                    -0.028497233986854553,
                    0.9993256703019142,
                    -0.02310764347203076,
                    -1.0929236263036728
                ]
            ],
            [
                [
                    0.9690329879522324,
                    0.22166092693805695,
                    -0.10806603543460369,
                    3.2344809388275573e-15
                ],
                [
                    2.3800707182886072e-07,
                    0.43822216987609863,
                    0.8988666757941246,
                    1.1363269090652466
                ],
                [
                    0.2466005589812994,
                    -0.8710314184427261,
                    0.42465169727802277,
                    -2.3632371723651886
                ]
            ]
        ],
        [
            [
                [
                    0.9995377510786057,
                    0.03036596393212676,
                    -0.0007016838499112055,
                    -1.6827844744423575e-17
                ],
                [
                    4.7511800005395344e-07,
                    -0.023117042612284422,
                    -0.9997327327728271,
                    0.5306564569473267
                ],
                [
                    -0.03037406923249364,
                    0.9992706030607224,
                    -0.023106370121240616,
                    -1.0731239318847656
                ]
            ],
            [
                [
                    0.9648408889770508,
                    0.23602791503071785,
                    -0.11507033929228783,
                    3.9006146741933125e-15
                ],
                [
                    2.4060130954239867e-07,
                    0.43822217732667923,
                    0.898866668343544,
                    1.1363269090652466
                ],
                [
                    0.26258400082588196,
                    -0.8672632426023483,
                    0.42281462252140045,
                    -2.343437433242798
                ]
            ]
        ],
        [
            [
                [
                    0.9994791522622108,
                    0.0322468897793442,
                    -0.0007451770143234171,
                    1.21950033333721e-16
                ],
                [
                    4.7504421019084475e-07,
                    -0.023117041448131204,
                    -0.9997327327728271,
                    0.5306564569473267
                ],
                [
                    -0.032255495665594935,
                    0.9992120042443275,
                    -0.02310501504689455,
                    -1.0525805950164795
                ]
            ],
            [
                [
                    0.9603841006755829,
                    0.2503719311207533,
                    -0.12206344492733479,
                    3.9006146741933125e-15
                ],
                [
                    2.4034373780068563e-07,
                    0.4382221959531307,
                    0.898866705596447,
                    1.1363269090652466
                ],
                [
                    0.2785418778657913,
                    -0.8632571771740913,
                    0.4208615645766258,
                    -2.3228940963745117
                ]
            ]
        ],
        [
            [
                [
                    0.9994162619113922,
                    0.03412139602005482,
                    -0.0007885217492002994,
                    3.868330648683425e-17
                ],
                [
                    4.7493955435129465e-07,
                    -0.023117040283977985,
                    -0.9997327327728271,
                    0.5306564569473267
                ],
                [
                    -0.03413050249218941,
                    0.9991491138935089,
                    -0.023103561252355576,
                    -1.0310551524162292
                ]
            ],
            [
                [
                    0.9556077718734741,
                    0.2645777612924576,
                    -0.12898918241262436,
                    3.9006146741933125e-15
                ],
                [
                    2.4373625251428166e-07,
                    0.438222199678421,
                    0.8988667130470276,
                    1.1363269090652466
                ],
                [
                    0.29434603452682495,
                    -0.8589639365673065,
                    0.4187684804201126,
                    -2.3013687133789062
                ]
            ]
        ],
        [
            [
                [
                    0.9993513524532318,
                    0.035989558324217796,
                    -0.0008317197934957221,
                    -1.0009457159131032e-16
                ],
                [
                    4.748196573700625e-07,
                    -0.023117039119824767,
                    -0.9997327327728271,
                    0.5306564569473267
                ],
                [
                    -0.03599916445091367,
                    0.9990842118859291,
                    -0.02310206089168787,
                    -1.0090410634875298
                ]
            ],
            [
                [
                    0.950682982802391,
                    0.2786885052919388,
                    -0.13586856424808502,
                    3.9006146741933125e-15
                ],
                [
                    2.5081761734213615e-07,
                    0.4382222034037113,
                    0.8988667130470276,
                    1.1363269090652466
                ],
                [
                    0.31004441156983376,
                    -0.8545372486114502,
                    0.41661033779382706,
                    -2.2793546617031097
                ]
            ]
        ],
        [
            [
                [
                    0.9992826581001282,
                    0.03783876448869705,
                    -0.000874479505000636,
                    -2.388724496694549e-16
                ],
                [
                    4.7466966179854353e-07,
                    -0.02311703795567155,
                    -0.9997327327728271,
                    0.5306564569473267
                ],
                [
                    -0.037848866544663906,
                    0.9990155547857285,
                    -0.02310047298669815,
                    -0.9860544949769974
                ]
            ],
            [
                [
                    0.9454838931560516,
                    0.29255709052085876,
                    -0.14262989163398743,
                    3.9006146741933125e-15
                ],
                [
                    2.690042961717154e-07,
                    0.4382222220301628,
                    0.8988667130470276,
                    1.1363269090652466
                ],
                [
                    0.325473390519619,
                    -0.8498639464378357,
                    0.41433198750019073,
                    -2.2563679814338684
                ]
            ]
        ],
        [
            [
                [
                    0.9992116615176201,
                    0.03966435603797436,
