{
    "P": [
        [
            [
                [
                    1.0,
                    0.0,
                    4.7683710135970614e-07,
                    -2.943836009007127e-16
                ],
                [
                    4.7670971525803907e-07,
                    -0.023117056116461754,
                    -0.9997327327728271,
                    0.5306564569473267
                ],
                [
                    1.1023070456417372e-08,
                    0.9997327327728271,
                    -0.023117056116461754,
                    -1.3257858753204346
                ]
            ],
            [
                [
                    1.0,
                    0.0,
                    -2.3841855067985307e-07,
                    3.4790112774170953e-16
                ],
                [
                    2.1430648189380008e-07,
                    0.43822214007377625,
                    0.8988667130470276,
                    1.1363269090652466
                ],
                [
                    1.0448028575638091e-07,
                    -0.8988666534423828,
                    0.43822214007377625,
                    -2.596099376678467
                ]
            ]
        ],
        [
            [
                [
                    1.0,
                    0.0,
                    4.7683710135970614e-07,
                    -2.943836009007127e-16
                ],
                [
                    4.7670971525803907e-07,
                    -0.023117056116461754,
                    -0.9997327327728271,
                    0.5306564569473267
                ],
                [
                    1.1023070456417372e-08,
                    0.9997327327728271,
                    -0.023117056116461754,
                    -1.3257858753204346
                ]
            ],
            [
                [
                    1.0,
                    0.0,
                    -2.3841855067985307e-07,
                    3.4790112774170953e-16
                ],
                [
                    2.1430648189380008e-07,
                    0.43822214007377625,
                    0.8988667130470276,
                    1.1363269090652466
                ],
                [
                    1.0448028575638091e-07,
                    -0.8988666534423828,
                    0.43822214007377625,
                    -2.596099376678467
                ]
            ]
        ],
        [
            [
                [
                    1.0,
                    9.506391506874934e-05,
                    -1.7213524472481367e-06,
                    -2.939499200317185e-16
                ],
                [
                    4.7670556568846223e-07,
                    -0.023117056116461754,
                    -0.9997327327728271,
                    0.5306564569473267
                ],
                [
                    -9.507830327759592e-05,
                    0.9997327327728271,
                    -0.023117056116461754,
                    -1.32522052526474
                ]
            ],
            [
                [
                    0.9999993145465851,
                    0.0007386479992419481,
                    -0.0003603496006547857,
                    3.5484002164561676e-16
                ],
                [
                    2.1437136155100234e-07,
                    0.43822214007377625,
                    0.8988667130470276,
                    1.1363269090652466
                ],
                [
                    0.0008218591962254607,
                    -0.8988660573959351,
                    0.43822184205055237,
                    -2.595534086227417
                ]
            ]
        ],
        [
            [
                [
                    0.999999925494194,
                    0.00032854544042493217,
                    -7.120211648725672e-06,
                    -2.92865717859233e-16
                ],
                [
                    4.7669441727293815e-07,
                    -0.023117055650800467,
                    -0.9997327327728271,
                    0.5306564569473267
                ],
                [
                    -0.00032862223451957107,
                    0.9997326582670212,
                    -0.023117054719477892,
                    -1.3238103091716766
                ]
            ],
            [
                [
                    0.9999938011169434,
                    0.0025532597210258245,
                    -0.0012450226640794426,
                    3.7218725640538483e-16
                ],
                [
                    2.1458939158947032e-07,
                    0.43822214752435684,
                    0.8988667130470276,
                    1.1363269090652466
                ],
                [
                    0.002840636530891061,
                    -0.8988611102104187,
                    0.43821942061185837,
                    -2.594123899936676
                ]
            ]
        ],
        [
            [
                [
                    0.9999997019767761,
                    0.0007437982712872326,
                    -1.6722220607334748e-05,
                    -2.909141539487591e-16
                ],
                [
                    4.7667342073509644e-07,
                    -0.023117054253816605,
                    -0.9997327327728271,
                    0.5306564569473267
                ],
                [
                    -0.0007439860492013395,
                    0.9997324347496033,
                    -0.023117050528526306,
                    -1.3212757110595703
                ]
            ],
            [
                [
                    0.9999793171882629,
                    0.005781150888651609,
                    -0.0028187083080410957,
                    4.0341227897296736e-16
                ],
                [
                    2.1504884273326752e-07,
                    0.43822216987609863,
                    0.8988667130470276,
                    1.1363269090652466
                ],
                [
                    0.0064317043870687485,
                    -0.8988480567932129,
                    0.438213050365448,
                    -2.5915892124176025
                ]
            ]
        ],
        [
            [
                [
                    0.9999989420175552,
                    0.0014129067858448252,
                    -3.219420432287734e-05,
                    -2.883120687347939e-16
                ],
                [
                    4.7664379110301525e-07,
                    -0.023117055650800467,
                    -0.9997327327728271,
                    0.5306564569473267
                ],
                [
                    -0.0014132733776932582,
                    0.9997316747903824,
                    -0.02311703097075224,
                    -1.3170688450336456
                ]
            ],
            [
                [
                    0.9999197274446487,
                    0.010986412991769612,
                    -0.005356416804715991,
                    4.45045622544076e-16
                ],
                [
                    2.1563845109540125e-07,
                    0.43822214752435684,
                    0.8988667130470276,
                    1.1363269090652466
                ],
                [
                    0.012222620891407132,
                    -0.8987944573163986,
                    0.4381869435310364,
                    -2.5873822569847107
                ]
            ]
        ],
        [
            [
                [
                    0.9999973177909851,
                    0.002238718618173152,
                    -5.12896785949124e-05,
                    -2.8397526004485187e-16
                ],
                [
                    4.7661237090323993e-07,
                    -0.02311705518513918,
                    -0.9997327327728271,
                    0.5306564569473267
                ],
                [
                    -0.002239305875264108,
                    0.9997300505638123,
                    -0.023116993717849255,
                    -1.3117565512657166
                ]
            ],
            [
                [
                    0.9997986555099487,
                    0.0174155798740685,
                    -0.008490812499076128,
                    5.144345549657034e-16
                ],
                [
                    2.1650722459298777e-07,
                    0.43822215497493744,
                    0.8988667130470276,
                    1.1363269090652466
                ],
                [
                    0.019375146832317114,
                    -0.8986856639385223,
                    0.4381338804960251,
                    -2.582069993019104
                ]
            ]
        ],
        [
            [
                [
                    0.9999946057796478,
                    0.0032149662147276103,
                    -7.386372635664884e-05,
                    -2.8397526004485187e-16
                ],
                [
                    4.7656658352934755e-07,
                    -0.023117054253816605,
                    -0.9997327327728271,
                    0.5306564569473267
                ],
                [
                    -0.0032158144167624414,
                    0.999727338552475,
                    -0.023116931784898043,
                    -1.3053435683250427
                ]
            ],
            [
                [
                    0.9995967298746109,
                    0.025021395180374384,
                    -0.012198856333270669,
                    6.254568574282191e-16
                ],
                [
                    2.172994761906466e-07,
                    0.43822216242551804,
                    0.8988667130470276,
                    1.1363269090652466
                ],
                [
                    0.02783670788630843,
                    -0.8985041975975037,
                    0.4380453899502754,
                    -2.575657069683075
                ]
            ]
        ],
        [
            [
                [
                    0.9999905824661255,
                    0.004335382021963596,
                    -9.977143054129556e-05,
                    -2.943836009007127e-16
                ],
                [
                    4.7649385237491515e-07,
                    -0.023117054253816605,
                    -0.9997327327728271,
                    0.5306564569473267
                ],
                [
                    -0.00433652987703681,
                    0.9997233152389526,
                    -0.023116838186979294,
                    -1.2978346347808838
                ]
            ],
            [
                [
                    0.9992945790290833,
                    0.03375660255551338,
                    -0.016457509249448776,
                    7.919903111219925e-16
                ],
                [
                    2.1765951885299728e-07,
                    0.43822214007377625,
                    0.8988667130470276,
                    1.1363269090652466
                ],
                [
                    0.03755472972989082,
                    -0.8982325792312622,
                    0.4379130005836487,
                    -2.568148136138916
                ]
            ]
        ],
        [
            [
                [
                    0.9999836981296539,
                    0.005653245258145034,
                    -0.00013024475083511788,
                    -2.73566919188991e-16
                ],
                [
                    4.7642747347254044e-07,
                    -0.023117054253816605,
                    -0.9997327327728271,
                    0.5306564569473267
                ],
                [
                    -0.0056547451531514525,
                    0.9997164756059647,
                    -0.023116680327802896,
                    -1.2886961698532104
                ]
            ],
            [
                [
                    0.9987770020961761,
                    0.044042653404176235,
                    -0.021472242660820484,
                    7.919903111219925e-16
                ],
                [
                    2.1944579131627506e-07,
                    0.43822214007377625,
                    0.8988667130470276,
                    1.1363269090652466
                ],
                [
                    0.04899808671325445,
                    -0.8977673053741455,
                    0.4376861974596977,
                    -2.5590096712112427
                ]
            ]
        ],
        [
            [
                [
                    0.9999743402004242,
                    0.007090201368555427,
                    -0.00016347187192877755,
                    -2.8050581309289825e-16
                ],
                [
                    4.7638019395890296e-07,
                    -0.02311705332249403,
                    -0.9997327327728271,
                    0.5306564569473267
                ],
                [
                    -0.00709208520129323,
                    0.9997071027755737,
                    -0.0231164637953043,
                    -1.2784807085990906
                ]
            ],
            [
                [
                    0.9980702996253967,
                    0.0552653931081295,
                    -0.026943637058138847,
                    1.0140349160470239e-15
                ],
                [
                    2.2030575763665183e-07,
                    0.43822215497493744,
                    0.8988667130470276,
                    1.1363269090652466
                ],
                [
                    0.06148351728916168,
                    -0.8971320986747742,
                    0.4373765140771866,
                    -2.5487942695617676
                ]
            ]
        ],
        [
            [
                [
                    0.9999621957540512,
                    0.00863997801207006,
                    -0.00019930778216803446,
                    -2.8050581309289825e-16
                ],
                [
                    4.7632120470098016e-07,
                    -0.023117051925510168,
                    -0.9997327327728271,
                    0.5306564569473267
                ],
                [
                    -0.008642276050522923,
                    0.9996949434280396,
                    -0.023116182535886765,
                    -1.2671930491924286
                ]
            ],
            [
                [
                    0.9971519559621811,
                    0.06737508811056614,
                    -0.0328474473208189,
                    1.2360795209720552e-15
                ],
                [
                    2.225604838201889e-07,
                    0.43822216242551804,
                    0.8988667279481888,
                    1.1363269090652466
                ],
                [
                    0.07495569624006748,
                    -0.896306648850441,
                    0.43697407841682434,
                    -2.537506639957428
                ]
            ]
        ],
        [
            [
                [
                    0.9999469518661499,
                    0.01029630284756422,
                    -0.00023760746989864856,
                    -2.388724496694549e-16
                ],
                [
                    4.7621969656574947e-07,
                    -0.023117050528526306,
                    -0.9997327327728271,
                    0.5306564569473267
                ],
                [
                    -0.010299043729901314,
                    0.9996797442436218,
                    -0.02311583049595356,
                    -1.254837989807129
                ]
            ],
            [
                [
                    0.9959994554519653,
                    0.08032200485467911,
                    -0.03915942832827568,
                    1.2360795209720552e-15
                ],
                [
                    2.2853103587294754e-07,
                    0.43822214007377625,
                    0.8988667726516724,
                    1.1363269090652466
                ],
                [
                    0.08935929834842682,
                    -0.8952706456184387,
                    0.43646901845932007,
                    -2.525151491165161
                ]
            ]
        ],
        [
            [
                [
                    0.9999262988567352,
                    0.012093632249161601,
                    -0.0002791675979096908,
                    -2.8050581309289825e-16
                ],
                [
                    4.761421692478507e-07,
                    -0.023117050528526306,
                    -0.9997327327728271,
                    0.5306564569473267
                ],
                [
                    -0.012096852995455265,
                    0.99965900182724,
                    -0.02311535133048892,
                    -1.2408960461616516
                ]
            ],
            [
                [
                    0.9944319725036621,
                    0.09437161684036255,
                    -0.04600899666547775,
                    1.2360795209720552e-15
                ],
                [
                    2.2608436367477225e-07,
                    0.43822216242551804,
                    0.8988667279481888,
                    1.1363269090652466
                ],
                [
                    0.1049896590411663,
                    -0.8938616812229156,
                    0.4357821047306061,
                    -2.511209547519684
                ]
            ]
        ],
        [
            [
                [
                    0.9999015033245087,
                    0.013972416054457426,
                    -0.0003226112457923591,
                    -2.943836009007127e-16
                ],
                [
                    4.760518521607082e-07,
                    -0.02311704959720373,
                    -0.9997327327728271,
                    0.5306564569473267
                ],
                [
                    -0.013976139016449451,
                    0.9996342360973358,
                    -0.023114778101444244,
                    -1.2259055972099304
                ]
            ],
            [
                [
                    0.9925500750541687,
                    0.10905157774686813,
                    -0.05316588096320629,
                    1.680168783761677e-15
                ],
                [
                    2.2546361577724383e-07,
                    0.43822215497493744,
                    0.8988666832447052,
                    1.1363269090652466
                ],
                [
                    0.12132129073143005,
                    -0.8921701312065125,
                    0.4349573999643326,
                    -2.496219038963318
                ]
            ]
        ],
        [
            [
                [
                    0.9998724013566971,
                    0.015926376217976213,
                    -0.00036779323272639886,
                    -2.666280252850838e-16
                ],
                [
                    4.759380018981574e-07,
                    -0.02311704820021987,
                    -0.9997327327728271,
                    0.5306564569473267
                ],
                [
                    -0.01593062188476324,
                    0.999605193734169,
                    -0.02311410615220666,
                    -1.209871381521225
                ]
            ],
            [
                [
                    0.9903382062911987,
                    0.12430820800364017,
                    -0.06060390919446945,
                    2.1242580465512988e-15
                ],
                [
                    2.2666284493766398e-07,
                    0.43822214752435684,
                    0.898866668343544,
                    1.1363269090652466
                ],
                [
                    0.13829447701573372,
                    -0.8901819884777069,
                    0.4339881017804146,
                    -2.48018479347229
                ]
            ]
        ],
        [
            [
                [
                    0.9998388290405273,
                    0.017949234694242477,
                    -0.00041456837789155543,
                    -1.8336129843819706e-16
                ],
                [
                    4.7578987505403347e-07,
                    -0.023117046803236008,
                    -0.9997327327728271,
                    0.5306564569473267
                ],
                [
                    -0.017954021692276,
                    0.9995716214179993,
                    -0.023113330826163292,
                    -1.192798137664795
                ]
            ],
            [
                [
                    0.9877808094024658,
                    0.14008782804012299,
                    -0.06829690933227539,
                    2.1242580465512988e-15
                ],
                [
                    2.2967610391333437e-07,
                    0.43822216987609863,
                    0.8988667130470276,
                    1.1363269090652466
                ],
                [
                    0.15584950149059296,
                    -0.8878832459449768,
                    0.4328674077987671,
                    -2.463111639022827
                ]
            ]
        ],
        [
            [
                [
                    0.9997980147600174,
                    0.020056611392647028,
                    -0.00046329783799592406,
                    -1.0009457159131032e-16
                ],
                [
                    4.7567828431738235e-07,
                    -0.023117046803236008,
                    -0.9997327327728271,
                    0.5306564569473267
                ],
                [
                    -0.020061961375176907,
                    0.9995308071374893,
                    -0.023112387862056494,
                    -1.1741807460784912
                ]
            ],
            [
                [
                    0.9846709668636322,
                    0.15648768097162247,
                    -0.07629228942096233,
                    2.1242580465512988e-15
                ],
                [
                    2.326011241393644e-07,
                    0.43822216987609863,
                    0.8988667130470276,
                    1.1363269090652466
                ],
                [
                    0.1740945242345333,
                    -0.8850878924131393,
                    0.43150462210178375,
                    -2.4444942474365234
                ]
            ]
        ],
        [
            [
                [
                    0.9997521936893463,
                    0.022207776084542274,
                    -0.0005130398058099672,
                    -1.8336129843819706e-16
                ],
                [
                    4.7559149152220925e-07,
                    -0.023117045871913433,
                    -0.9997327327728271,
                    0.5306564569473267
                ],
                [
                    -0.022213701158761978,
                    0.9994849860668182,
                    -0.02311132848262787,
                    -1.1545433402061462
                ]
            ],
            [
                [
                    0.9811797440052032,
                    0.17318999022245407,
                    -0.084435123950243,
                    2.1242580465512988e-15
                ],
                [
                    2.3359648082532658e-07,
                    0.43822216987609863,
                    0.8988666832447052,
                    1.1363269090652466
                ],
                [
                    0.19267604500055313,
                    -0.8819497525691986,
                    0.429974690079689,
                    -2.4248569011688232
                ]
            ]
        ],
        [
            [
                [
                    0.9997013658285141,
                    0.024396450724452734,
                    -0.000563649125979282,
                    -2.388724496694549e-16
                ],
                [
                    4.755006699497244e-07,
                    -0.02311704447492957,
                    -0.9997327327728271,
                    0.5306564569473267
                ],
                [
                    -0.024402960669249296,
                    0.9994341731071472,
                    -0.023110153153538704,
                    -1.133890688419342
                ]
            ],
            [
                [
                    0.9773060083389282,
                    0.19013891741633415,
                    -0.09269819036126137,
                    2.1242580465512988e-15
                ],
                [
                    2.335905300299146e-07,
                    0.43822216987609863,
                    0.898866668343544,
                    1.1363269090652466
                ],
                [
                    0.21153193712234497,
                    -0.8784677982330322,
                    0.4282771274447441,
                    -2.404204308986664
                ]
            ]
        ],
        [
            [
                [
                    0.9996455311775208,
                    0.026616357266902924,
                    -0.0006149806431494653,
                    -7.23389959756814e-17
                ],
                [
                    4.75376992881138e-07,
                    -0.02311704307794571,
                    -0.9997327327728271,
                    0.5306564569473267
                ],
                [
                    -0.02662345953285694,
                    0.9993783831596375,
                    -0.023108862340450287,
                    -1.1122275590896606
                ]
            ],
            [
                [
                    0.9730486273765564,
                    0.20727862417697906,
                    -0.10105426609516144,
                    2.1242580465512988e-15
                ],
                [
                    2.335116278118221e-07,
                    0.43822216987609863,
                    0.8988667130470276,
                    1.1363269090652466
                ],
                [
                    0.23060007393360138,
                    -0.8746410012245178,
                    0.4264114499092102,
                    -2.3825411796569824
                ]
            ]
        ],
        [
            [
                [
                    0.9995822757482529,
                    0.02886428451165557,
                    -0.0006669600988971069,
                    -7.23389959756814e-17
                ],
                [
                    4.752048852196822e-07,
                    -0.02311704307794571,
                    -0.9997327327728271,
                    0.5306564569473267
                ],
                [
                    -0.028871988877654076,
                    0.9993151277303696,
                    -0.023107399698346853,
                    -1.0890628397464752
                ]
            ],
            [
                [
                    0.9682298600673676,
                    0.22453738749027252,
                    -0.10946838930249214,
                    3.456525517282809e-15
                ],
                [
                    2.3890616063226844e-07,
                    0.43822216987609863,
                    0.898866668343544,
                    1.1363269090652466
                ],
                [
                    0.249800655990839,
                    -0.8703095018863678,
                    0.4242997467517853,
                    -2.35937637090683
                ]
            ]
        ],
        [
            [
                [
                    0.9995143115520477,
                    0.031118334271013737,
                    -0.0007190811156760901,
                    3.868330648683425e-17
                ],
                [
                    4.7508848410870996e-07,
                    -0.023117042146623135,
                    -0.9997327327728271,
                    0.5306564569473267
                ],
                [
                    -0.031126639805734158,
                    0.9992471635341644,
                    -0.02310582809150219,
                    -1.0649065971374512
                ]
            ],
            [
                [
                    0.9630581736564636,
                    0.24176552146673203,
                    -0.11786758154630661,
                    3.9006146741933125e-15
                ],
                [
                    2.4049828084571345e-07,
                    0.4382221847772598,
                    0.8988666832447052,
                    1.1363269090652466
                ],
                [
                    0.2689671516418457,
                    -0.8656608164310455,
                    0.4220333993434906,
                    -2.3352200984954834
                ]
            ]
        ],
        [
            [
                [
                    0.999441847205162,
                    0.03337223548442125,
                    -0.0007711986982030794,
                    9.419445771809208e-17
                ],
                [
                    4.7498450328475883e-07,
                    -0.023117040749639273,
                    -0.9997327327728271,
                    0.5306564569473267
                ],
                [
                    -0.0333811417222023,
                    0.9991746991872787,
                    -0.023104152642190456,
                    -1.0397635400295258
                ]
            ],
            [
                [
                    0.9575502574443817,
                    0.258909247815609,
                    -0.12622562423348427,
                    3.9006146741933125e-15
                ],
                [
                    2.4201423798331234e-07,
                    0.438222199678421,
                    0.8988667130470276,
                    1.1363269090652466
                ],
                [
                    0.2880397439002991,
                    -0.8607099503278732,
                    0.41961971670389175,
                    -2.3100770711898804
                ]
            ]
        ],
        [
            [
                [
                    0.9993650913238525,
                    0.035619717091321945,
                    -0.0008231678511947393,
                    -7.23389959756814e-17
                ],
                [
                    4.748496564843663e-07,
                    -0.02311703935265541,
                    -0.9997327327728271,
                    0.5306564569473267
                ],
                [
                    -0.03562922403216362,
                    0.9990979433059692,
                    -0.023102378472685814,
                    -1.0136383771896362
                ]
            ],
            [
                [
                    0.9517228007316589,
                    0.2759147882461548,
                    -0.13451629877090454,
                    3.9006146741933125e-15
                ],
                [
                    2.471802815762203e-07,
                    0.438222199678421,
                    0.8988667130470276,
                    1.1363269090652466
                ],
                [
                    0.3069586157798767,
                    -0.8554719090461731,
                    0.4170660078525543,
                    -2.283951997756958
                ]
            ]
        ],
        [
            [
                [
                    0.9992826581001282,
                    0.03783876448869705,
                    -0.000874479505000636,
                    -2.388724496694549e-16
                ],
                [
                    4.7466966179854353e-07,
                    -0.02311703795567155,
                    -0.9997327327728271,
                    0.5306564569473267
                ],
                [
                    -0.037848866544663906,
                    0.9990155547857285,
                    -0.02310047298669815,
                    -0.9860544949769974
                ]
            ],
            [
                [
                    0.9454838931560516,
                    0.29255709052085876,
                    -0.14262989163398743,
                    3.9006146741933125e-15
                ],
                [
                    2.690042961717154e-07,
                    0.4382222220301628,
                    0.8988667130470276,
                    1.1363269090652466
                ],
                [
                    0.325473390519619,
                    -0.8498639464378357,
                    0.41433198750019073,
                    -2.2563679814338684
                ]
            ]
        ],
        [
            [
                [
                    0.9991971552371979,
                    0.04002632573246956,
                    -0.0009250630682799965,
                    -7.23389959756814e-17
                ],
                [
                    4.7454780371936067e-07,
                    -0.023117036558687687,
                    -0.9997327327728271,
                    0.5306564569473267
                ],
                [
                    -0.0400370117276907,
                    0.9989300668239594,
                    -0.023098495788872242,
                    -0.9575075209140778
                ]
            ],
            [
                [
                    0.939026802778244,
                    0.3088575303554535,
                    -0.15057680010795593,
                    3.9006146741933125e-15
                ],
                [
                    2.609626079674854e-07,
                    0.4382222294807434,
                    0.8988667130470276,
                    1.1363269090652466
                ],
                [
                    0.3436078280210495,
                    -0.8440599143505096,
                    0.4115023612976074,
                    -2.2278209924697876
                ]
            ]
        ],
        [
            [
                [
                    0.9991089850664139,
                    0.04217613581568003,
                    -0.0009747737640282139,
                    3.868330648683425e-17
                ],
                [
                    4.7438267358757e-07,
                    -0.023117035627365112,
                    -0.9997327327728271,
                    0.5306564569473267
                ],
                [
                    -0.04218739550560713,
                    0.9988419115543365,
                    -0.02309645712375641,
                    -0.9280021786689758
                ]
            ],
            [
                [
                    0.9323847144842148,
                    0.32476887106895447,
                    -0.15833400562405586,
                    4.788793093893438e-15
                ],
                [
                    2.4541176912862284e-07,
                    0.4382222220301628,
                    0.8988666981458664,
                    1.136326938867569
                ],
                [
                    0.36130937933921814,
                    -0.8380895853042603,
                    0.4085916578769684,
                    -2.198315680027008
                ]
            ]
        ],
        [
            [
                [
                    0.9990185499191284,
                    0.04428192973136902,
                    -0.0010234668152406812,
                    -2.943836009007127e-16
                ],
                [
                    4.740728627439239e-07,
                    -0.023117035627365112,
                    -0.9997327327728271,
                    0.5306564569473267
                ],
                [
                    -0.04429375380277634,
                    0.9987515211105347,
                    -0.02309436723589897,
                    -0.89754319190979
                ]
            ],
            [
                [
                    0.9255908131599426,
                    0.3402438759803772,
                    -0.16587848961353302,
                    7.453328352993813e-15
                ],
                [
                    2.4470833182022034e-07,
                    0.438222199678421,
                    0.8988666534423828,
                    1.1363270282745361
                ],
                [
                    0.3785254955291748,
                    -0.8319827318191528,
                    0.4056144058704376,
                    -2.1678566932678223
                ]
            ]
        ],
        [
            [
                [
                    0.998926192522049,
                    0.04630294069647789,
                    -0.0010701990686357021,
                    -2.943836009007127e-16
                ],
                [
                    4.741151116149922e-07,
                    -0.02311703423038125,
                    -0.9997327327728271,
                    0.5306564569473267
                ],
                [
                    -0.046315306797623634,
                    0.9986592084169388,
                    -0.023092232644557953,
                    -0.8656682223081589
                ]
            ],
            [
                [
                    0.9186819344758987,
                    0.3549310714006424,
                    -0.17303892597556114,
                    7.453328352993813e-15
                ],
                [
                    2.6629368932162834e-07,
                    0.4382222443819046,
                    0.8988666981458664,
                    1.136326938867569
                ],
                [
                    0.3948651999235153,
                    -0.825772613286972,
                    0.40258677303791046,
                    -2.1359816789627075
                ]
            ]
        ],
        [
            [
                [
                    0.9988336265087128,
                    0.04825492762029171,
                    -0.0011153353843837976,
                    -7.23389959756814e-17
                ],
                [
                    4.740438583894502e-07,
                    -0.023117033764719963,
                    -0.9997327327728271,
                    0.5306564569473267
                ],
                [
                    -0.04826781526207924,
                    0.9985666871070862,
                    -0.023090092465281487,
                    -0.8328585624694824
                ]
            ],
            [
                [
                    0.9117790162563324,
                    0.3690100312232971,
                    -0.1799027994275093,
                    7.453328352993813e-15
                ],
                [
                    2.654990112205269e-07,
                    0.4382222443819046,
                    0.8988667130470276,
                    1.1363269090652466
                ],
                [
                    0.4105282127857208,
                    -0.8195678293704987,
                    0.3995617628097534,
                    -2.1031720638275146
                ]
            ]
        ],
        [
            [
                [
                    0.9987414330244064,
                    0.05013164319097996,
                    -0.0011587312037590891,
