{
    "P": [
        [
            [
                [
                    1.0,
                    0.0,
                    4.7683710135970614e-07,
                    -2.943836009007127e-16
                ],
                [
                    4.7670971525803907e-07,
                    -0.023117056116461754,
                    -0.9997327327728271,
                    0.5306564569473267
                ],
                [
                    1.1023070456417372e-08,
                    0.9997327327728271,
                    -0.023117056116461754,
                    -1.3257858753204346
                ]
            ],
            [
                [
                    1.0,
                    0.0,
                    -2.3841855067985307e-07,
                    3.4790112774170953e-16
                ],
                [
                    2.1430648189380008e-07,
                    0.43822214007377625,
                    0.8988667130470276,
                    1.1363269090652466
                ],
                [
                    1.0448028575638091e-07,
                    -0.8988666534423828,
                    0.43822214007377625,
                    -2.596099376678467
                ]
            ]
        ],
        [
            [
                [
                    1.0,
                    0.0,
                    4.7683710135970614e-07,
                    -2.943836009007127e-16
                ],
                [
                    4.7670971525803907e-07,
                    -0.023117056116461754,
                    -0.9997327327728271,
                    0.5306564569473267
                ],
                [
                    1.1023070456417372e-08,
                    0.9997327327728271,
                    -0.023117056116461754,
                    -1.3257858753204346
                ]
            ],
            [
                [
                    1.0,
                    0.0,
                    -2.3841855067985307e-07,
                    3.4790112774170953e-16
                ],
                [
                    2.1430648189380008e-07,
                    0.43822214007377625,
                    0.8988667130470276,
                    1.1363269090652466
                ],
                [
                    1.0448028575638091e-07,
                    -0.8988666534423828,
                    0.43822214007377625,
                    -2.596099376678467
                ]
            ]
        ],
        [
            [
                [
                    1.0,
                    1.9012783013749885e-05,
                    3.719919163813717e-08,
                    -2.9429686472691385e-16
                ],
                [
                    4.767088853441237e-07,
                    -0.023117056116461754,
                    -0.9997327327728271,
                    0.5306564569473267
                ],
                [
                    -1.900684219915407e-05,
                    0.9997327327728271,
                    -0.023117056116461754,
                    -1.3256728053092957
                ]
            ],
            [
                [
                    0.999999862909317,
                    0.00014772959984838974,
                    -7.22606549715011e-05,
                    3.49288906522491e-16
                ],
                [
                    2.1431945782524055e-07,
                    0.43822214007377625,
                    0.8988667130470276,
                    1.1363269090652466
                ],
                [
                    0.0001644554234736974,
                    -0.8988665342330933,
                    0.43822208046913147,
                    -2.5959863185882566
                ]
            ]
        ],
        [
            [
                [
                    1.0,
                    0.00012358308958937417,
                    -2.3808093118304905e-06,
                    -2.9381981577102027e-16
                ],
                [
                    4.7670432081758916e-07,
                    -0.023117056116461754,
                    -0.9997327327728271,
                    0.5306564569473267
                ],
                [
                    -0.00012360510118201166,
                    0.9997327327728271,
                    -0.023117056116461754,
                    -1.3250509202480316
                ]
            ],
            [
                [
                    0.9999991089105607,
                    0.0009602423990145327,
                    -0.0004683829552860176,
                    3.569216898167889e-16
                ],
                [
                    2.14390825448163e-07,
                    0.43822214007377625,
                    0.8988667130470276,
                    1.1363269090652466
                ],
                [
                    0.0010683856110073721,
                    -0.8988658785820007,
                    0.4382217526435852,
                    -2.595364499092102
                ]
            ]
        ],
        [
            [
                [
                    0.9999999403953552,
                    0.0003008619183674456,
                    -6.480077718151736e-06,
                    -2.9299582211993124e-16
                ],
                [
                    4.766958170421276e-07,
                    -0.023117055743932725,
                    -0.9997327327728271,
                    0.5306564569473267
                ],
                [
                    -0.0003009313135407866,
                    0.9997326731681824,
                    -0.023117054998874665,
                    -1.3239792823791505
                ]
            ],
            [
                [
                    0.9999947667121887,
                    0.0023380669765174396,
                    -0.001140110287815333,
                    3.701055882342127e-16
                ],
                [
                    2.1455876151321717e-07,
                    0.43822214603424076,
                    0.8988667130470276,
                    1.1363269090652466
                ],
                [
                    0.002601232007145882,
                    -0.8988619804382325,
                    0.4382198452949524,
                    -2.5942928791046143
                ]
            ]
        ],
        [
            [
                [
                    0.9999997764825821,
                    0.0006053806609997991,
                    -1.3521550954465056e-05,
                    -2.915646752522504e-16
                ],
                [
                    4.766804195810437e-07,
                    -0.023117054719477892,
                    -0.9997327327728271,
                    0.5306564569473267
                ],
                [
                    -0.0006055314443074167,
                    0.9997325092554092,
                    -0.023117051925510168,
                    -1.322120577096939
                ]
            ],
            [
                [
                    0.9999841451644897,
                    0.004705187166109681,
                    -0.0022941464267205447,
                    3.930039381171065e-16
                ],
                [
                    2.148956923520018e-07,
                    0.43822216242551804,
                    0.8988667130470276,
                    1.1363269090652466
                ],
                [
                    0.005234681768342853,
                    -0.8988524079322815,
                    0.4382151737809181,
                    -2.5924341082572937
                ]
            ]
        ],
        [
            [
                [
                    0.9999993979930878,
                    0.0010114416771102698,
                    -2.291101409355179e-05,
                    -2.89873319863173e-16
                ],
                [
                    4.7666156888226396e-07,
                    -0.02311705481261015,
                    -0.9997327327728271,
                    0.5306564569473267
                ],
                [
                    -0.0010117009805981072,
                    0.9997321307659148,
                    -0.02311704270541668,
                    -1.3195929646492004
                ]
            ],
            [
                [
                    0.9999554812908172,
                    0.007863255729898813,
                    -0.0038337917067110547,
                    4.2006561640141085e-16
                ],
                [
                    2.15284686078121e-07,
                    0.4382221609354019,
                    0.8988667130470276,
                    1.1363269090652466
                ],
                [
                    0.008748070988804105,
                    -0.8988266170024872,
                    0.4382026076316834,
                    -2.589906430244446
                ]
            ]
        ],
        [
            [
                [
                    0.9999988406896592,
                    0.0015021212544525048,
                    -3.4257135484949696e-05,
                    -2.8796512403959854e-16
                ],
                [
                    4.766398404854044e-07,
                    -0.023117055837064984,
                    -0.9997327327728271,
                    0.5306564569473267
                ],
                [
                    -0.0015025116881588478,
                    0.9997315734624863,
                    -0.02311702836304903,
                    -1.3165079295635223
                ]
            ],
            [
                [
                    0.9999117821455001,
                    0.011680447938852015,
                    -0.005694777937605979,
                    4.505967350202239e-16
                ],
                [
                    2.1571706554368575e-07,
                    0.43822214454412456,
                    0.8988667130470276,
                    1.1363269090652466
                ],
                [
                    0.012994743091985587,
                    -0.89878731071949,
                    0.4381834626197815,
                    -2.586821329593658
                ]
            ]
        ],
        [
            [
                [
                    0.9999975919723512,
                    0.002118163486011327,
                    -4.850204932154157e-05,
                    -2.8466914943524255e-16
                ],
                [
                    4.766166796343896e-07,
                    -0.023117055371403693,
                    -0.9997327327728271,
                    0.5306564569473267
                ],
                [
                    -0.002118718530982733,
                    0.9997303247451783,
                    -0.02311699986457825,
                    -1.3125385522842405
                ]
            ],
            [
                [
                    0.9998188972473144,
                    0.016476763971149923,
                    -0.008033113926649096,
                    5.033323247194519e-16
                ],
                [
                    2.1637277711761273e-07,
                    0.43822215199470516,
                    0.8988667130470276,
                    1.1363269090652466
                ],
                [
                    0.018330702744424346,
                    -0.8987038493156434,
                    0.43814275264739994,
                    -2.582851982116699
                ]
            ]
        ],
        [
            [
                [
                    0.9999960839748383,
                    0.002781216712901369,
                    -6.383401032508118e-05,
                    -2.808527577880936e-16
                ],
                [
                    4.765929816130665e-07,
                    -0.023117054346948863,
                    -0.9997327327728271,
                    0.5306564569473267
                ],
                [
                    -0.002781948924530298,
                    0.9997288167476653,
                    -0.02311696605756879,
                    -1.308237546682358
                ]
            ],
            [
                [
                    0.999707567691803,
                    0.021640251437202097,
                    -0.010550456074997784,
                    5.643945910738355e-16
                ],
                [
                    2.1711223823217552e-07,
                    0.43822216838598255,
                    0.8988667130470276,
                    1.1363269090652466
                ],
                [
                    0.024075145227834584,
                    -0.898603829741478,
                    0.4380939558148384,
                    -2.578551042079926
                ]
            ]
        ],
        [
            [
                [
                    0.9999932646751404,
                    0.003588438150472939,
                    -8.249962775153108e-05,
                    -2.874447069968055e-16
                ],
                [
                    4.765423398112034e-07,
                    -0.023117054253816605,
                    -0.9997327327728271,
                    0.5306564569473267
                ],
                [
                    -0.0035893862368538976,
                    0.9997259974479675,
                    -0.023116900585591793,
                    -1.3028405904769897
                ]
            ],
            [
                [
                    0.9994960129261017,
                    0.027933130972087383,
                    -0.013618407305330038,
                    6.809680086594769e-16
                ],
                [
                    2.1741949041143016e-07,
                    0.43822215497493744,
                    0.8988667130470276,
                    1.1363269090652466
                ],
                [
                    0.031076048500835896,
                    -0.8984136581420898,
                    0.43800126016139984,
                    -2.573154091835022
                ]
            ]
        ],
        [
            [
                [
                    0.9999901235103608,
                    0.00442323957104236,
                    -0.00010180298522755041,
                    -2.9299582211993124e-16
                ],
                [
                    4.764894271147568e-07,
                    -0.023117054253816605,
                    -0.9997327327728271,
                    0.5306564569473267
                ],
                [
                    -0.004424410895444454,
                    0.9997228592634201,
                    -0.0231168276630342,
                    -1.2972254037857054
                ]
            ],
            [
                [
                    0.9992600739002228,
                    0.03444233927875758,
                    -0.016791824810206895,
                    7.919903111219925e-16
                ],
                [
                    2.1777860368388246e-07,
                    0.43822214007377625,
                    0.8988667130470276,
                    1.1363269090652466
                ],
                [
                    0.03831762019544841,
                    -0.8982015609741211,
                    0.4378978803753853,
                    -2.5675389051437376
                ]
            ]
        ],
        [
            [
                [
                    0.9999850749969483,
                    0.005389672610908747,
                    -0.00012415008677635345,
                    -2.777302555313353e-16
                ],
                [
                    4.7644074925301537e-07,
                    -0.023117054253816605,
                    -0.9997327327728271,
                    0.5306564569473267
                ],
                [
                    -0.005391102097928525,
                    0.9997178435325622,
                    -0.023116711899638175,
                    -1.2905238628387452
                ]
            ],
            [
                [
                    0.9988805174827575,
                    0.04198544323444367,
                    -0.020469295978546145,
                    7.919903111219925e-16
                ],
                [
                    2.190885368236195e-07,
                    0.43822214007377625,
                    0.8988667130470276,
                    1.1363269090652466
                ],
                [
                    0.04670941531658174,
                    -0.8978603601455688,
                    0.43773155808448794,
                    -2.560837364196777
                ]
            ]
        ],
        [
            [
                [
                    0.9999792844057084,
                    0.006391833513043822,
                    -0.00014732332856510767,
                    -2.707913616274281e-16
                ],
                [
                    4.763978012078951e-07,
                    -0.02311705397441983,
                    -0.9997327327728271,
                    0.5306564569473267
                ],
                [
                    -0.006393530732020736,
                    0.9997120678424836,
                    -0.023116578534245494,
                    -1.2834992229938507
                ]
            ],
            [
                [
                    0.9984442234039306,
                    0.04980955384671689,
                    -0.024283765442669393,
                    8.586036925995021e-16
                ],
                [
                    2.2012057812048625e-07,
                    0.43822214454412456,
                    0.8988667130470276,
                    1.1363269090652466
                ],
                [
                    0.05541383251547814,
                    -0.8974681794643402,
                    0.43754037171602245,
                    -2.5538127422332764
                ]
            ]
        ],
        [
            [
                [
                    0.9999715149402618,
                    0.007489268714562061,
                    -0.0001726996109937318,
                    -2.8605692821602407e-16
                ],
                [
                    4.763701326737646e-07,
                    -0.023117052949964998,
                    -0.9997327327728271,
                    0.5306564569473267
                ],
                [
                    -0.007491259183734657,
                    0.9997042655944824,
                    -0.023116398230195047,
                    -1.2756129860877992
                ]
            ],
            [
                [
                    0.9978566288948059,
                    0.05838301554322244,
                    -0.028463563695549973,
                    1.1028527580170369e-15
                ],
                [
                    2.2041157450303216e-07,
                    0.4382221609354019,
                    0.8988667130470276,
                    1.1363269090652466
                ],
                [
                    0.06495190858840943,
                    -0.8969400525093079,
                    0.4372828811407089,
                    -2.545926570892334
                ]
            ]
        ],
        [
            [
                [
                    0.9999621957540512,
                    0.00863997801207006,
                    -0.00019930778216803446,
                    -2.8050581309289825e-16
                ],
                [
                    4.7632120470098016e-07,
                    -0.023117051925510168,
                    -0.9997327327728271,
                    0.5306564569473267
                ],
                [
                    -0.008642276050522923,
                    0.9996949434280396,
                    -0.023116182535886765,
                    -1.2671930491924286
                ]
            ],
            [
                [
                    0.9971519559621811,
                    0.06737508811056614,
                    -0.0328474473208189,
                    1.2360795209720552e-15
                ],
                [
                    2.225604838201889e-07,
                    0.43822216242551804,
                    0.8988667279481888,
                    1.1363269090652466
                ],
                [
                    0.07495569624006748,
                    -0.896306648850441,
                    0.43697407841682434,
                    -2.537506639957428
                ]
            ]
        ],
        [
            [
                [
                    0.9999510169029235,
                    0.009854616224765779,
                    -0.0002273942198371515,
                    -2.499746799157064e-16
                ],
                [
                    4.76246765401811e-07,
                    -0.023117050901055335,
                    -0.9997327327728271,
                    0.5306564569473267
                ],
                [
                    -0.009857239015400412,
                    0.9996837973594666,
                    -0.023115924373269082,
                    -1.2581326723098754
                ]
            ],
            [
                [
                    0.9963067889213562,
                    0.07686949372291565,
                    -0.037476233392953875,
                    1.2360795209720552e-15
                ],
                [
                    2.2693888865887856e-07,
                    0.43822214603424076,
                    0.8988667607307435,
                    1.1363269090652466
                ],
                [
                    0.08551833778619768,
                    -0.8955469131469727,
                    0.4366037011146546,
                    -2.5284461975097656
                ]
            ]
        ],
        [
            [
                [
                    0.9999373137950898,
                    0.011135056568309668,
                    -0.00025700219630380165,
                    -2.583013526003952e-16
                ],
                [
                    4.7618351715073006e-07,
                    -0.023117050528526306,
                    -0.9997327327728271,
                    0.5306564569473267
                ],
                [
                    -0.011138021387159828,
                    0.9996700644493104,
                    -0.023115606885403393,
                    -1.2483317494392394
                ]
            ],
            [
                [
                    0.9952679634094239,
                    0.08687849044799807,
                    -0.04235589355230333,
                    1.2360795209720552e-15
                ],
                [
                    2.2738925551379904e-07,
                    0.4382221505045891,
                    0.8988667517900466,
                    1.1363269090652466
                ],
                [
                    0.09665346667170527,
                    -0.8946131289005279,
                    0.43614845871925356,
                    -2.5186452507972716
                ]
            ]
        ],
        [
            [
                [
                    0.9999221682548523,
                    0.012453098129481078,
                    -0.0002874796235118993,
                    -2.8883248577758695e-16
                ],
                [
                    4.761266637842709e-07,
                    -0.023117050528526306,
                    -0.9997327327728271,
                    0.5306564569473267
                ],
                [
                    -0.012456414848566057,
                    0.9996548533439635,
                    -0.023115255497395994,
                    -1.2381076574325562
                ]
            ],
            [
                [
                    0.9941184759140014,
                    0.09718153923749924,
                    -0.04737891033291817,
                    1.2360795209720552e-15
                ],
                [
                    2.2559502923513717e-07,
                    0.4382221668958664,
                    0.8988667190074922,
                    1.1363269090652466
                ],
                [
                    0.10811573117971421,
                    -0.8935798883438111,
                    0.43564472198486326,
                    -2.5084211587905885
                ]
            ]
        ],
        [
            [
                [
                    0.9999032944440842,
                    0.013844448653981092,
                    -0.0003196522186044604,
                    -2.943836009007127e-16
                ],
                [
                    4.7605829962549255e-07,
                    -0.02311704969033599,
                    -0.9997327327728271,
                    0.5306564569473267
                ],
                [
                    -0.0138481373898685,
                    0.9996360212564468,
                    -0.023114819452166556,
                    -1.2269399106502532
                ]
            ],
            [
                [
                    0.9926860153675079,
                    0.10805190205574038,
                    -0.052678511478006854,
                    1.6357598574827157e-15
                ],
                [
                    2.254441348270575e-07,
                    0.4382221564650536,
                    0.8988666862249375,
                    1.1363269090652466
                ],
                [
                    0.12020913958549502,
                    -0.892292320728302,
                    0.43501697331666944,
                    -2.4972533583641052
                ]
            ]
        ],
        [
            [
                [
                    0.9998835921287537,
                    0.01525209005922079,
                    -0.00035220151767134666,
                    -2.943836009007127e-16
                ],
                [
                    4.7598737751286535e-07,
                    -0.023117048665881157,
                    -0.9997327327728271,
                    0.5306564569473267
                ],
                [
                    -0.015256155282258987,
                    0.9996163845062256,
                    -0.023114364594221115,
                    -1.2155624628067017
                ]
            ],
            [
                [
                    0.9911906719207764,
                    0.1190483346581459,
                    -0.058039575815200806,
                    2.1242580465512988e-15
                ],
                [
                    2.2565842527910718e-07,
                    0.43822214007377625,
                    0.8988666534423828,
                    1.1363269090652466
                ],
                [
                    0.13244280219078064,
                    -0.8909482359886169,
                    0.43436166644096375,
                    -2.4858758449554443
                ]
            ]
        ],
        [
            [
                [
                    0.9998589724302293,
                    0.01673551960848272,
                    -0.0003865032907924615,
                    -2.33321334546329e-16
                ],
                [
                    4.7587875116050784e-07,
                    -0.023117047641426323,
                    -0.9997327327728271,
                    0.5306564569473267
                ],
                [
                    -0.016739981807768346,
                    0.9995917648077011,
                    -0.023113796021789312,
                    -1.2030420839786529
                ]
            ],
            [
                [
                    0.9893152475357057,
                    0.13062005601823332,
                    -0.06368110924959183,
                    2.1242580465512988e-15
                ],
                [
                    2.2786814852793215e-07,
                    0.4382221564650536,
                    0.8988666862249375,
                    1.1363269090652466
                ],
                [
                    0.14531648680567744,
                    -0.8892624914646148,
                    0.4335398241877556,
                    -2.473355531692505
                ]
            ]
        ],
        [
            [
                [
                    0.9998333871364594,
                    0.018230218254029755,
                    -0.00042106563923880467,
                    -1.7225906819194533e-16
                ],
                [
                    4.7577499628914666e-07,
                    -0.023117046803236008,
                    -0.9997327327728271,
                    0.5306564569473267
                ],
                [
                    -0.01823508031666279,
                    0.9995661795139312,
                    -0.02311320509761572,
                    -1.190315818786621
                ]
            ],
            [
                [
                    0.9873661637306214,
                    0.14227447509765628,
                    -0.069362960010767,
                    2.1242580465512988e-15
                ],
                [
                    2.3006610661013838e-07,
                    0.43822216987609863,
                    0.8988667130470276,
                    1.1363269090652466
                ],
                [
                    0.15828217118978502,
                    -0.8875105321407318,
                    0.4326857030391693,
                    -2.460629320144653
                ]
            ]
        ],
        [
            [
                [
                    0.9998034566640853,
                    0.019775627832859757,
                    -0.0004568005766486749,
                    -1.1119680183756184e-16
                ],
                [
                    4.7569316308226917e-07,
                    -0.023117046803236008,
                    -0.9997327327728271,
                    0.5306564569473267
                ],
                [
                    -0.01978090275079012,
                    0.9995362490415574,
                    -0.023112513590604067,
                    -1.176663064956665
                ]
            ],
            [
                [
                    0.9850856125354767,
                    0.15430103391408923,
                    -0.07522623874247075,
                    2.1242580465512988e-15
                ],
                [
                    2.322111214425604e-07,
                    0.43822216987609863,
                    0.8988667130470276,
                    1.1363269090652466
                ],
                [
                    0.17166185453534127,
                    -0.8854606062173843,
                    0.43168632686138153,
                    -2.446976566314697
                ]
            ]
        ],
        [
            [
                [
                    0.999771523475647,
                    0.02133855260908604,
                    -0.0004929405171424151,
                    -1.167479169606879e-16
                ],
                [
                    4.756212490519829e-07,
                    -0.02311704643070698,
                    -0.9997327327728271,
                    0.5306564569473267
                ],
                [
                    -0.02134424522519112,
                    0.9995043158531189,
                    -0.023111775517463684,
                    -1.1626023054122925
                ]
            ],
            [
                [
                    0.9826525092124938,
                    0.16644857525825502,
                    -0.081148499250412,
                    2.1242580465512988e-15
                ],
                [
                    2.335842708589553e-07,
                    0.43822216987609863,
                    0.8988667011260987,
                    1.1363269090652466
                ],
                [
                    0.18517613708972933,
                    -0.8832735657691955,
                    0.43062009215354924,
                    -2.4329158306121825
                ]
            ]
        ],
        [
            [
                [
                    0.9997360855340958,
                    0.02293212898075581,
                    -0.0005297892130329275,
                    -2.388724496694553e-16
                ],
                [
                    4.755666935807312e-07,
                    -0.023117045406252146,
                    -0.9997327327728271,
                    0.5306564569473267
                ],
                [
                    -0.022938247770071033,
                    0.9994688779115677,
                    -0.023110955953598022,
                    -1.147827535867691
                ]
            ],
            [
                [
                    0.9799524396657944,
                    0.17880783602595335,
                    -0.08717397786676886,
                    2.1242580465512988e-15
                ],
                [
                    2.3360665579730266e-07,
                    0.43822216987609863,
                    0.898866668343544,
                    1.1363269090652466
                ],
                [
                    0.19892596825957304,
                    -0.8808465749025345,
                    0.4294368550181389,
                    -2.4181411266326904
                ]
            ]
        ],
        [
            [
                [
                    0.9996976435184479,
                    0.024544444493949415,
                    -0.0005670712271239609,
                    -2.2777021942320316e-16
                ],
                [
                    4.7549242481181865e-07,
                    -0.023117044381797312,
                    -0.9997327327728271,
                    0.5306564569473267
                ],
                [
                    -0.024550993926823143,
                    0.9994304537773133,
                    -0.023110067099332807,
                    -1.1324464797973632
                ]
            ],
            [
                [
                    0.9770221829414367,
                    0.19128156453371048,
                    -0.09325526207685472,
                    2.1242580465512988e-15
                ],
                [
                    2.3358526988204178e-07,
                    0.43822216987609863,
                    0.8988666713237763,
                    1.1363269090652466
                ],
                [
                    0.21280314624309543,
                    -0.8782126784324645,
                    0.4281527489423752,
                    -2.4027601003646852
                ]
            ]
        ],
        [
            [
                [
                    0.9996566981077195,
                    0.026172375958412892,
                    -0.0006047143397154287,
                    -1.0564568671443578e-16
                ],
                [
                    4.754017282948553e-07,
                    -0.023117043357342482,
                    -0.9997327327728271,
                    0.5306564569473267
                ],
                [
                    -0.026179359760135416,
                    0.9993895411491394,
                    -0.023109120503067973,
                    -1.1165601849555968
                ]
            ],
            [
                [
                    0.9739001035690308,
                    0.2038506828248501,
                    -0.09938305094838144,
                    2.1242580465512988e-15
                ],
                [
                    2.3352740825544062e-07,
                    0.43822216987609863,
                    0.898866704106331,
                    1.1363269090652466
                ],
                [
                    0.22678644657135014,
                    -0.8754063606262207,
                    0.42678458541631703,
                    -2.3868738055229186
                ]
            ]
        ],
        [
            [
                [
                    0.9996117949485779,
                    0.027815251797437674,
                    -0.0006427030195482077,
                    -7.23389959756814e-17
                ],
                [
                    4.752852021283615e-07,
                    -0.02311704307794571,
                    -0.9997327327728271,
                    0.5306564569473267
                ],
                [
                    -0.02782267518341542,
                    0.9993446469306946,
                    -0.023108082264661788,
                    -1.0998730421066283
                ]
            ],
            [
                [
                    0.970478618144989,
                    0.21648329794406895,
                    -0.1055417984724045,
                    2.834800697608108e-15
                ],
                [
                    2.3638871198272683e-07,
                    0.43822216987609863,
                    0.8988666892051698,
                    1.1363269090652466
                ],
                [
                    0.24084038436412816,
                    -0.872330868244171,
                    0.4252852082252502,
                    -2.370186614990234
                ]
            ]
        ],
        [
            [
                [
                    0.9995654076337814,
                    0.029463731776922946,
                    -0.0006808212870964781,
                    -7.23389959756814e-17
                ],
                [
                    4.7515898984329395e-07,
                    -0.02311704307794571,
                    -0.9997327327728271,
                    0.5306564569473267
                ],
                [
                    -0.02947159670293331,
                    0.9992982596158981,
                    -0.023107009660452607,
                    -1.082885581254959
                ]
            ],
            [
                [
                    0.9669448554515838,
                    0.22913972437381747,
                    -0.11171215549111368,
                    3.811796842811214e-15
                ],
                [
                    2.4034470271772077e-07,
                    0.43822216987609863,
                    0.8988666564226151,
                    1.1363269090652466
                ],
                [
                    0.2549208112061024,
                    -0.8691544353961944,
                    0.42373662590980526,
                    -2.3531990885734557
                ]
            ]
        ],
        [
            [
                [
                    0.9995143115520477,
                    0.031118334271013737,
                    -0.0007190811156760901,
                    3.868330648683425e-17
                ],
                [
                    4.7508848410870996e-07,
                    -0.023117042146623135,
                    -0.9997327327728271,
                    0.5306564569473267
                ],
                [
                    -0.031126639805734158,
                    0.9992471635341644,
                    -0.02310582809150219,
                    -1.0649065971374512
                ]
            ],
            [
                [
                    0.9630581736564636,
                    0.24176552146673203,
                    -0.11786758154630661,
                    3.9006146741933125e-15
                ],
                [
                    2.4049828084571345e-07,
                    0.4382221847772598,
                    0.8988666832447052,
                    1.1363269090652466
                ],
                [
                    0.2689671516418457,
                    -0.8656608164310455,
                    0.4220333993434906,
                    -2.3352200984954834
                ]
            ]
        ],
        [
            [
                [
                    0.9994623154401779,
