{
    "P": [
        [
            [
                [
                    1.0,
                    0.0,
                    4.7683710135970614e-07,
                    -2.943836009007127e-16
                ],
                [
                    4.7670971525803907e-07,
                    -0.023117056116461754,
                    -0.9997327327728271,
                    0.5306564569473267
                ],
                [
                    1.1023070456417372e-08,
                    0.9997327327728271,
                    -0.023117056116461754,
                    -1.3257858753204346
                ]
            ],
            [
                [
                    1.0,
                    0.0,
                    -2.3841855067985307e-07,
                    3.4790112774170953e-16
                ],
                [
                    2.1430648189380008e-07,
                    0.43822214007377625,
                    0.8988667130470276,
                    1.1363269090652466
                ],
                [
                    1.0448028575638091e-07,
                    -0.8988666534423828,
                    0.43822214007377625,
                    -2.596099376678467
                ]
            ]
        ],
        [
            [
                [
                    1.0,
                    0.0,
                    4.7683710135970614e-07,
                    -2.943836009007127e-16
                ],
                [
                    4.7670971525803907e-07,
                    -0.023117056116461754,
                    -0.9997327327728271,
                    0.5306564569473267
                ],
                [
                    1.1023070456417372e-08,
                    0.9997327327728271,
                    -0.023117056116461754,
                    -1.3257858753204346
                ]
            ],
            [
                [
                    1.0,
                    0.0,
                    -2.3841855067985307e-07,
                    3.4790112774170953e-16
                ],
                [
                    2.1430648189380008e-07,
                    0.43822214007377625,
                    0.8988667130470276,
                    1.1363269090652466
                ],
                [
                    1.0448028575638091e-07,
                    -0.8988666534423828,
                    0.43822214007377625,
                    -2.596099376678467
                ]
            ]
        ],
        [
            [
                [
                    1.0,
                    5.703834904124961e-05,
                    -8.420766278049998e-07,
                    -2.941233923793162e-16
                ],
                [
                    4.767072255162929e-07,
                    -0.023117056116461754,
                    -0.9997327327728271,
                    0.5306564569473267
                ],
                [
                    -5.704257273837499e-05,
                    0.9997327327728271,
                    -0.023117056116461754,
                    -1.3254466652870178
                ]
            ],
            [
                [
                    0.999999588727951,
                    0.00044318879954516896,
                    -0.0002163051278131434,
                    3.520644640840539e-16
                ],
                [
                    2.1434540968812145e-07,
                    0.43822214007377625,
                    0.8988667130470276,
                    1.1363269090652466
                ],
                [
                    0.0004931573098495791,
                    -0.8988662958145142,
                    0.4382219612598419,
                    -2.5957602024078366
                ]
            ]
        ],
        [
            [
                [
                    1.0,
                    0.00018062143863062377,
                    -3.699723040995196e-06,
                    -2.9355960724962374e-16
                ],
                [
                    4.767018310758431e-07,
                    -0.023117056116461754,
                    -0.9997327327728271,
                    0.5306564569473267
                ],
                [
                    -0.00018065869699084304,
                    0.9997327327728271,
                    -0.023117056116461754,
                    -1.3247117102146149
                ]
            ],
            [
                [
                    0.9999986976385117,
                    0.0014034311985597018,
                    -0.0006844496645484811,
                    3.610850261591333e-16
                ],
                [
                    2.1442975324248436e-07,
                    0.43822214007377625,
                    0.8988667130470276,
                    1.1363269090652466
                ],
                [
                    0.0015614384405711948,
                    -0.8988655209541321,
                    0.4382215738296509,
                    -2.595025324821472
                ]
            ]
        ],
        [
            [
                [
                    0.9999998211860657,
                    0.0005223300948273391,
                    -1.1601149162743241e-05,
                    -2.9195498803434517e-16
                ],
                [
                    4.76684618888612e-07,
                    -0.023117054998874665,
                    -0.9997327327728271,
                    0.5306564569473267
                ],
                [
                    -0.000522458681371063,
                    0.9997325539588928,
                    -0.023117052763700484,
                    -1.3226274967193605
                ]
            ],
            [
                [
                    0.9999870419502259,
                    0.0040596089325845245,
                    -0.0019794092979282143,
                    3.8675893360359e-16
                ],
                [
                    2.1480380212324236e-07,
                    0.4382221579551697,
                    0.8988667130470276,
                    1.1363269090652466
                ],
                [
                    0.004516468197107316,
                    -0.8988550186157227,
                    0.4382164478302002,
                    -2.5929410457611084
                ]
            ]
        ],
        [
            [
                [
                    0.9999994486570358,
                    0.0009668344428064302,
                    -2.1879548512515612e-05,
                    -2.900467922107707e-16
                ],
                [
                    4.766635441910694e-07,
                    -0.023117054719477892,
                    -0.9997327327728271,
                    0.5306564569473267
                ],
                [
                    -0.0009670818253653124,
                    0.999732181429863,
                    -0.023117044009268284,
                    -1.319873422384262
                ]
            ],
            [
                [
                    0.9999594539403915,
                    0.00751623825635761,
                    -0.003664611140266061,
                    4.172900601633369e-16
                ],
                [
                    2.1524537885397876e-07,
                    0.43822216242551804,
                    0.8988667130470276,
                    1.1363269090652466
                ],
                [
                    0.008362009888514876,
                    -0.8988301903009415,
                    0.4382043480873108,
                    -2.590186893939972
                ]
            ]
        ],
        [
            [
                [
                    0.999998790025711,
                    0.001546728488756344,
                    -3.528860106598587e-05,
                    -2.877916516920008e-16
                ],
                [
                    4.76637865176599e-07,
                    -0.023117055930197236,
                    -0.9997327327728271,
                    0.5306564569473267
                ],
                [
                    -0.0015471308433916424,
                    0.9997315227985382,
                    -0.023117027059197427,
                    -1.3162274718284608
                ]
            ],
            [
                [
                    0.999907809495926,
                    0.012027465412393214,
                    -0.005863958504050972,
                    4.533722912582978e-16
                ],
                [
                    2.15756372767828e-07,
                    0.4382221430540085,
                    0.8988667130470276,
                    1.1363269090652466
                ],
                [
                    0.013380804192274812,
                    -0.8987837374210358,
                    0.438181722164154,
                    -2.586540865898132
                ]
            ]
        ],
        [
            [
                [
                    0.9999971807003021,
                    0.002298996184254065,
                    -5.2683493231597814e-05,
                    -2.8362831534965653e-16
                ],
                [
                    4.766102165376651e-07,
                    -0.02311705509200692,
                    -0.9997327327728271,
                    0.5306564569473267
                ],
                [
                    -0.0022995995474047954,
                    0.9997299134731292,
                    -0.02311699064448476,
                    -1.3113655507564546
                ]
            ],
            [
                [
                    0.9997885346412658,
                    0.017884987825527783,
                    -0.008719661785289644,
                    5.199856700888292e-16
                ],
                [
                    2.1657444833067528e-07,
                    0.4382221564650536,
                    0.8988667130470276,
                    1.1363269090652466
                ],
                [
                    0.019897368876263498,
                    -0.8986765712499618,
                    0.43812944442033763,
                    -2.5816789984703066
                ]
            ]
        ],
        [
            [
                [
                    0.9999948740005493,
                    0.003140271827578545,
                    -7.21365460776724e-05,
                    -2.8328137065446113e-16
                ],
                [
                    4.765714322729764e-07,
                    -0.023117054253816605,
                    -0.9997327327728271,
                    0.5306564569473267
                ],
                [
                    -0.00314110005274415,
                    0.9997276067733765,
                    -0.023116938024759295,
                    -1.3058441638946534
                ]
            ],
            [
                [
                    0.9996168732643127,
                    0.024439048022031788,
                    -0.011914946138858795,
                    6.143546271819675e-16
                ],
                [
                    2.1727547334648988e-07,
                    0.4382221639156342,
                    0.8988667130470276,
                    1.1363269090652466
                ],
                [
                    0.02718883976340294,
                    -0.8985223054885864,
                    0.43805421590805055,
                    -2.5761576652526856
                ]
            ]
        ],
        [
            [
                [
                    0.99999138712883,
                    0.0041112988605164,
                    -9.458988970436624e-05,
                    -2.9230193272954056e-16
                ],
                [
                    4.7650839860580165e-07,
                    -0.023117054253816605,
                    -0.9997327327728271,
                    0.5306564569473267
                ],
                [
                    -0.004112386784981937,
                    0.9997241199016571,
                    -0.023116856906563045,
                    -1.2993364214897154
                ]
            ],
            [
                [
                    0.9993550091981888,
                    0.03200956108048559,
                    -0.015605778666213158,
                    7.58683620383238e-16
                ],
                [
                    2.1758751032052717e-07,
                    0.43822214454412456,
                    0.8988667130470276,
                    1.1363269090652466
                ],
                [
                    0.03561112536117435,
                    -0.8982869029045105,
                    0.43793947845697406,
                    -2.5696499228477476
                ]
            ]
        ],
        [
            [
                [
                    0.9999859929084778,
                    0.005213957512751222,
                    -0.00012008697740384378,
                    -2.8050581309289825e-16
                ],
                [
                    4.76449599773332e-07,
                    -0.023117054253816605,
                    -0.9997327327728271,
                    0.5306564569473267
                ],
                [
                    -0.005215340061113238,
                    0.9997187554836273,
                    -0.023116732947528362,
                    -1.2917423248291016
                ]
            ],
            [
                [
                    0.9989495277404785,
                    0.040613969787955284,
                    -0.019800664857029915,
                    7.919903111219925e-16
                ],
                [
                    2.1885036716184914e-07,
                    0.43822214007377625,
                    0.8988667130470276,
                    1.1363269090652466
                ],
                [
                    0.045183634385466576,
                    -0.8979223966598511,
                    0.4377617985010147,
                    -2.562055826187134
                ]
            ]
        ],
        [
            [
                [
                    0.9999792844057084,
                    0.006391833513043822,
                    -0.00014732332856510767,
                    -2.707913616274281e-16
                ],
                [
                    4.763978012078951e-07,
                    -0.02311705397441983,
                    -0.9997327327728271,
                    0.5306564569473267
                ],
                [
                    -0.006393530732020736,
                    0.9997120678424836,
                    -0.023116578534245494,
                    -1.2834992229938507
                ]
            ],
            [
                [
                    0.9984442234039306,
                    0.04980955384671689,
                    -0.024283765442669393,
                    8.586036925995021e-16
                ],
                [
                    2.2012057812048625e-07,
                    0.43822214454412456,
                    0.8988667130470276,
                    1.1363269090652466
                ],
                [
                    0.05541383251547814,
                    -0.8974681794643402,
                    0.43754037171602245,
                    -2.5538127422332764
                ]
            ]
        ],
        [
            [
                [
                    0.9999701023101807,
                    0.007688802387565375,
                    -0.0001773134805262089,
                    -2.8883248577758695e-16
                ],
                [
                    4.763651020311954e-07,
                    -0.023117052763700487,
                    -0.9997327327728271,
                    0.5306564569473267
                ],
                [
                    -0.007690846174955369,
                    0.9997028470039367,
                    -0.023116365447640418,
                    -1.2741791248321532
                ]
            ],
            [
                [
                    0.9977497935295105,
                    0.0599418267607689,
                    -0.02922352701425553,
                    1.147261679002043e-15
                ],
                [
                    2.2046448293622235e-07,
                    0.4382221639156342,
                    0.8988667130470276,
                    1.1363269090652466
                ],
                [
                    0.06668610423803331,
                    -0.8968440294265747,
                    0.4372360646724701,
                    -2.544492721557617
                ]
            ]
        ],
        [
            [
                [
                    0.9999581307172776,
                    0.009081664634868505,
                    -0.0002095210322295316,
                    -2.6940358284664663e-16
                ],
                [
                    4.7629413586491863e-07,
                    -0.02311705155298114,
                    -0.9997327327728271,
                    0.5306564569473267
                ],
                [
                    -0.00908408076502383,
                    0.9996908903121948,
                    -0.023116088658571246,
                    -1.263898366689682
                ]
            ],
            [
                [
                    0.9968446224927903,
                    0.07082759924232962,
                    -0.03453064225614072,
                    1.2360795209720552e-15
                ],
                [
                    2.2415263103425787e-07,
                    0.4382221564650536,
                    0.8988667398691177,
                    1.1363269090652466
                ],
                [
                    0.07879665680229667,
                    -0.896030381321907,
                    0.4368393957614899,
                    -2.5342119336128235
                ]
            ]
        ],
        [
            [
                [
                    0.9999441981315613,
                    0.010535946767777204,
                    -0.00024314882030012085,
                    -2.4442356479258065e-16
                ],
                [
                    4.7620935959002966e-07,
                    -0.023117050528526306,
                    -0.9997327327728271,
                    0.5306564569473267
                ],
                [
                    -0.010538751631975173,
                    0.9996769785881043,
                    -0.02311576660722494,
                    -1.2529790639877318
                ]
            ],
            [
                [
                    0.995790457725525,
                    0.08219528645277023,
                    -0.04007270410656928,
                    1.2360795209720552e-15
                ],
                [
                    2.2820481291319086e-07,
                    0.4382221430540085,
                    0.8988667666912078,
                    1.1363269090652466
                ],
                [
                    0.09144334644079208,
                    -0.8950827836990356,
                    0.4363774299621582,
                    -2.523292565345764
                ]
            ]
        ],
        [
            [
                [
                    0.9999262988567352,
                    0.012093632249161601,
                    -0.0002791675979096908,
                    -2.8050581309289825e-16
                ],
                [
                    4.761421692478507e-07,
                    -0.023117050528526306,
                    -0.9997327327728271,
                    0.5306564569473267
                ],
                [
                    -0.012096852995455265,
                    0.99965900182724,
                    -0.02311535133048892,
                    -1.2408960461616516
                ]
            ],
            [
                [
                    0.9944319725036621,
                    0.09437161684036255,
                    -0.04600899666547775,
                    1.2360795209720552e-15
                ],
                [
                    2.2608436367477225e-07,
                    0.43822216242551804,
                    0.8988667279481888,
                    1.1363269090652466
                ],
                [
                    0.1049896590411663,
                    -0.8938616812229156,
                    0.4357821047306061,
                    -2.511209547519684
                ]
            ]
        ],
        [
            [
                [
                    0.9999050855636598,
                    0.013716481253504755,
                    -0.00031669319141656164,
                    -2.943836009007127e-16
                ],
                [
                    4.7606474709027683e-07,
                    -0.023117049783468246,
                    -0.9997327327728271,
                    0.5306564569473267
                ],
                [
                    -0.013720135763287546,
                    0.9996378064155579,
                    -0.02311486080288887,
                    -1.227974224090576
                ]
            ],
            [
                [
                    0.9928219556808472,
                    0.10705222636461259,
                    -0.05219114199280739,
                    1.591350931203753e-15
                ],
                [
                    2.2542465387687117e-07,
                    0.43822215795516967,
                    0.8988666892051697,
                    1.1363269090652466
                ],
                [
                    0.11909698843955994,
                    -0.8924145102500916,
                    0.43507654666900636,
                    -2.4982876777648926
                ]
            ]
        ],
        [
            [
                [
                    0.9998813539743424,
                    0.015386947290971878,
                    -0.00035531986068235714,
                    -2.8883248577758685e-16
                ],
                [
                    4.759775023899237e-07,
                    -0.0231170485727489,
                    -0.9997327327728271,
                    0.5306564569473267
                ],
                [
                    -0.015391048602759841,
                    0.9996141463518143,
                    -0.023114312905818224,
                    -1.2144242465496062
                ]
            ],
            [
                [
                    0.9910201787948609,
                    0.12010030932724478,
                    -0.05855244249105454,
                    2.1242580465512988e-15
                ],
                [
                    2.2585930921081855e-07,
                    0.43822214156389233,
                    0.898866656422615,
                    1.1363269090652466
                ],
                [
                    0.13361313715577128,
                    -0.890794986486435,
                    0.43428695350885393,
                    -2.4847376346588135
                ]
            ]
        ],
        [
            [
                [
                    0.9998522579669952,
                    0.017140091303735977,
                    -0.0003958583198254929,
                    -2.1666798917695163e-16
                ],
                [
                    4.75849125791683e-07,
                    -0.023117047362029554,
                    -0.9997327327728271,
                    0.5306564569473267
                ],
                [
                    -0.017144661769270902,
                    0.9995850503444672,
                    -0.02311364095658064,
                    -1.1996274352073668
                ]
            ],
            [
                [
                    0.9888037681579589,
                    0.13377598002552987,
                    -0.06521970927715302,
                    2.1242580465512988e-15
                ],
                [
                    2.2847080032306622e-07,
                    0.4382221609354019,
                    0.8988666951656341,
                    1.1363269090652466
                ],
                [
                    0.1488274917006493,
                    -0.8888027429580688,
                    0.43331568539142606,
                    -2.4699409008026123
                ]
            ]
        ],
        [
            [
                [
                    0.9998197823762893,
                    0.01893267715349793,
                    -0.00043730879260692743,
                    -1.4450349257631662e-16
                ],
                [
                    4.757377993769296e-07,
                    -0.023117046803236008,
                    -0.9997327327728271,
                    0.5306564569473267
                ],
                [
                    -0.018937726877629756,
                    0.9995525747537612,
                    -0.023112890776246786,
                    -1.1841100215911866
                ]
            ],
            [
                [
                    0.9863295495510102,
                    0.14774109274148942,
                    -0.07202808670699595,
                    2.1242580465512988e-15
                ],
                [
                    2.3104111335214839e-07,
                    0.43822216987609863,
                    0.8988667130470276,
                    1.1363269090652466
                ],
                [
                    0.1643638454377651,
                    -0.8865787476301193,
                    0.43223144114017487,
                    -2.454423522949219
                ]
            ]
        ],
        [
            [
                [
                    0.9997844099998474,
                    0.02075907029211521,
                    -0.00047954099136404693,
                    -7.23389959756814e-17
                ],
                [
                    4.756410874051653e-07,
                    -0.023117046803236008,
                    -0.9997327327728271,
                    0.5306564569473267
                ],
                [
                    -0.020764607936143875,
                    0.9995172023773193,
                    -0.02311207354068756,
                    -1.1679749488830566
                ]
            ],
            [
                [
                    0.983634352684021,
                    0.16195429861545563,
                    -0.07895741611719131,
                    2.1242580465512988e-15
                ],
                [
                    2.335761308813744e-07,
                    0.43822216987609863,
                    0.8988667130470276,
                    1.1363269090652466
                ],
                [
                    0.18017619848251343,
                    -0.8841561079025269,
                    0.4310503602027893,
                    -2.438288450241089
                ]
            ]
        ],
        [
            [
                [
                    0.9997425287961961,
                    0.022642387822270394,
                    -0.0005230894501437434,
                    -2.1666798917695183e-16
                ],
                [
                    4.7557661275732244e-07,
                    -0.02311704559251666,
                    -0.9997327327728271,
                    0.5306564569473267
                ],
                [
                    -0.02264842912554741,
                    0.9994753211736679,
                    -0.02311110496520996,
                    -1.1505138576030731
                ]
            ],
            [
                [
                    0.980443361401558,
                    0.17656069770455363,
                    -0.0860784363001585,
                    2.1242580465512988e-15
                ],
                [
                    2.3360258580851225e-07,
                    0.43822216987609863,
                    0.8988666743040086,
                    1.1363269090652466
                ],
                [
                    0.19642599895596502,
                    -0.8812878459692002,
                    0.4296519890427589,
                    -2.4208274364471434
                ]
            ]
        ],
        [
            [
                [
                    0.9996976435184479,
                    0.024544444493949415,
                    -0.0005670712271239609,
                    -2.2777021942320316e-16
                ],
                [
                    4.7549242481181865e-07,
                    -0.023117044381797312,
                    -0.9997327327728271,
                    0.5306564569473267
                ],
                [
                    -0.024550993926823143,
                    0.9994304537773133,
                    -0.023110067099332807,
                    -1.1324464797973632
                ]
            ],
            [
                [
                    0.9770221829414367,
                    0.19128156453371048,
                    -0.09325526207685472,
                    2.1242580465512988e-15
                ],
                [
                    2.3358526988204178e-07,
                    0.43822216987609863,
                    0.8988666713237763,
                    1.1363269090652466
                ],
                [
                    0.21280314624309543,
                    -0.8782126784324645,
                    0.4281527489423752,
                    -2.4027601003646852
                ]
            ]
        ],
        [
            [
                [
                    0.9996492534875869,
                    0.026468363497406246,
                    -0.0006115585420047865,
                    -8.344122622193273e-17
                ],
                [
                    4.7538523801904374e-07,
                    -0.023117043171077965,
                    -0.9997327327728271,
                    0.5306564569473267
                ],
                [
                    -0.0264754262752831,
                    0.9993821024894713,
                    -0.02310894839465618,
                    -1.1136717677116394
                ]
            ],
            [
                [
                    0.9733324527740478,
                    0.20613597705960277,
                    -0.10049719437956811,
                    2.1242580465512988e-15
                ],
                [
                    2.3351688795969492e-07,
                    0.43822216987609863,
                    0.8988667100667953,
                    1.1363269090652466
                ],
                [
                    0.22932886481285097,
                    -0.8748961210250855,
                    0.42653582841157917,
                    -2.3839853882789614
                ]
            ]
        ],
        [
            [
                [
                    0.9995949268341064,
                    0.028414699062705044,
                    -0.0006565642077475788,
                    -7.23389959756814e-17
                ],
                [
                    4.7523930675197333e-07,
                    -0.02311704307794571,
                    -0.9997327327728271,
                    0.5306564569473267
                ],
                [
                    -0.028422283008694652,
                    0.9993277788162231,
                    -0.02310769222676754,
                    -1.0936957836151122
                ]
            ],
            [
                [
                    0.9691936135292053,
                    0.22108563482761387,
                    -0.10778556466102601,
                    3.1900720231365092e-15
                ],
                [
                    2.3782725406817916e-07,
                    0.43822216987609863,
                    0.8988666772842409,
                    1.1363269090652466
                ],
                [
                    0.2459605395793915,
                    -0.8711758017539979,
                    0.4247220873832702,
                    -2.3640093326568605
                ]
            ]
        ],
        [
            [
                [
                    0.9995377510786057,
                    0.03036596393212676,
                    -0.0007016838499112055,
                    -1.6827844744423575e-17
                ],
                [
                    4.7511800005395344e-07,
                    -0.023117042612284422,
                    -0.9997327327728271,
                    0.5306564569473267
                ],
                [
                    -0.03037406923249364,
                    0.9992706030607224,
                    -0.023106370121240616,
                    -1.0731239318847656
                ]
            ],
            [
                [
                    0.9648408889770508,
                    0.23602791503071785,
                    -0.11507033929228783,
                    3.9006146741933125e-15
                ],
                [
                    2.4060130954239867e-07,
                    0.43822217732667923,
                    0.898866668343544,
                    1.1363269090652466
                ],
                [
                    0.26258400082588196,
                    -0.8672632426023483,
                    0.42281462252140045,
                    -2.343437433242798
                ]
            ]
        ],
        [
            [
                [
                    0.9994768083095551,
                    0.032322126813232904,
                    -0.0007469167408999057,
                    1.2750114845684725e-16
                ],
                [
                    4.750412585963204e-07,
                    -0.023117041401565074,
                    -0.9997327327728271,
                    0.5306564569473267
                ],
                [
                    -0.03233075272291899,
                    0.9992096602916717,
                    -0.02310496084392071,
                    -1.051758861541748
                ]
            ],
            [
                [
                    0.9602058291435241,
                    0.2509456917643548,
                    -0.12234316915273669,
                    3.9006146741933125e-15
                ],
                [
                    2.403334349310171e-07,
                    0.43822219669818874,
                    0.8988667070865631,
                    1.1363269090652466
                ],
                [
                    0.2791801929473878,
                    -0.8630969345569611,
                    0.4207834422588348,
                    -2.3220723628997804
                ]
            ]
        ],
        [
            [
                [
                    0.9994111448526383,
                    0.03427122812718153,
                    -0.0007919863593997434,
                    2.758107624058253e-17
                ],
                [
                    4.7493056456460184e-07,
                    -0.023117040190845727,
                    -0.9997327327728271,
                    0.5306564569473267
                ],
                [
                    -0.03428037464618683,
                    0.999143996834755,
                    -0.0231034429743886,
                    -1.02931347489357
                ]
            ],
            [
                [
                    0.9552192747592925,
                    0.2657114639878273,
                    -0.1295418940484524,
                    3.9006146741933125e-15
                ],
                [
                    2.440806554204755e-07,
                    0.438222199678421,
                    0.8988667130470276,
                    1.1363269090652466
                ],
                [
                    0.29560729265213015,
                    -0.8586147338151932,
                    0.41859823316335676,
                    -2.299627041816711
                ]
            ]
        ],
        [
            [
                [
                    0.9993431091308593,
                    0.036211463063955306,
                    -0.0008368509588763118,
                    -1.167479169606875e-16
                ],
                [
                    4.7480165790148024e-07,
                    -0.02311703898012638,
                    -0.9997327327728271,
                    0.5306564569473267
                ],
                [
                    -0.036221128702163694,
                    0.999075973033905,
                    -0.023101870343089106,
                    -1.006282675266266
                ]
            ],
            [
                [
                    0.9500590920448303,
                    0.28035273551940915,
                    -0.1366799235343933,
                    3.9006146741933125e-15
                ],
                [
                    2.530000188016856e-07,
                    0.4382222056388855,
                    0.8988667130470276,
                    1.1363269090652466
                ],
                [
                    0.31189588904380794,
                    -0.8539764523506165,
                    0.4163369357585907,
                    -2.276596260070801
                ]
            ]
        ],
        [
            [
                [
                    0.9992716670036317,
                    0.03813463747501374,
                    -0.0008813210588414223,
                    -2.6107691016195833e-16
                ],
                [
                    4.746456625071005e-07,
                    -0.02311703776940703,
                    -0.9997327327728271,
                    0.5306564569473267
                ],
                [
                    -0.03814481887966395,
                    0.9990045696496964,
                    -0.0231002189218998,
                    -0.9823766440153121
                ]
            ],
            [
                [
                    0.9446520388126373,
                    0.294776064157486,
                    -0.14371170401573183,
                    3.9006146741933125e-15
                ],
                [
                    2.7191416478444814e-07,
                    0.4382222250103951,
                    0.8988667130470276,
                    1.1363269090652466
                ],
                [
                    0.32794202715158466,
                    -0.8491162180900574,
                    0.41396745145320896,
                    -2.25269011259079
                ]
            ]
        ],
        [
            [
                [
                    0.9991971552371979,
                    0.04002632573246956,
                    -0.0009250630682799965,
                    -7.23389959756814e-17
                ],
                [
                    4.7454780371936067e-07,
                    -0.023117036558687687,
                    -0.9997327327728271,
                    0.5306564569473267
                ],
                [
                    -0.0400370117276907,
                    0.9989300668239594,
                    -0.023098495788872242,
                    -0.9575075209140778
                ]
            ],
            [
                [
                    0.939026802778244,
                    0.3088575303554535,
                    -0.15057680010795593,
                    3.9006146741933125e-15
                ],
                [
                    2.609626079674854e-07,
                    0.4382222294807434,
                    0.8988667130470276,
                    1.1363269090652466
                ],
                [
                    0.3436078280210495,
                    -0.8440599143505096,
                    0.4115023612976074,
                    -2.2278209924697876
                ]
            ]
        ],
        [
            [
                [
                    0.9991210430860519,
                    0.04189536329358817,
