{
  "P": [
    [
      [
        [
          1.0,
          -2.4185728789646063e-16,
          -2.384185791015625e-07,
          1.1531079056979477e-16
        ],
        [
          -2.356276382897704e-07,
          0.15256178379058838,
          -0.9882939457893372,
          -0.23879335820674896
        ],
        [
          3.637356371655187e-08,
          0.9882939457893372,
          0.15256179869174957,
          -0.256711483001709
        ]
      ],
      [
        [
          1.0,
          -3.3733106182643824e-15,
          -2.3841863594498136e-07,
          -4.779416492106892e-18
        ],
        [
          2.363353672762969e-07,
          0.13190653920173645,
          0.9912622570991516,
          -0.2746254503726959
        ],
        [
          3.1448973203396235e-08,
          -0.9912622570991516,
          0.13190646469593048,
          -0.6595996022224426
        ]
      ]
    ],
    [
      [
        [
          1.0,
          -2.4185728789646063e-16,
          -2.384185791015625e-07,
          1.1531079056979477e-16
        ],
        [
          -2.356276382897704e-07,
          0.15256178379058838,
          -0.9882939457893372,
          -0.23879335820674896
        ],
        [
          3.637356371655187e-08,
          0.9882939457893372,
          0.15256179869174957,
          -0.256711483001709
        ]
      ],
      [
        [
          1.0,
          -3.3733106182643824e-15,
          -2.3841863594498136e-07,
          -4.779416492106892e-18
        ],
        [
          2.363353672762969e-07,
          0.13190653920173645,
          0.9912622570991516,
          -0.2746254503726959
        ],
        [
          3.1448973203396235e-08,
          -0.9912622570991516,
          0.13190646469593048,
          -0.6595996022224426
        ]
      ]
    ],
    [
      [
        [
          1.0,
          -2.4185728789646063e-16,
          -2.384185791015625e-07,
          1.152767901378964e-16
        ],
        [
          -2.356276382897704e-07,
          0.15256178379058838,
          -0.9882939457893372,
          -0.23879337310791016
        ],
        [
          3.637356371655187e-08,
          0.9882939457893372,
          0.15256179869174957,
          -0.2565499246120453
        ]
      ],
      [
        [
          1.0,
          1.430527224455247e-10,
          -2.384185791015625e-07,
          -5.082339930850832e-12
        ],
        [
          2.363353672762969e-07,
          0.13131174445152283,
          0.991341233253479,
          -0.2746254503726959
        ],
        [
          3.1448973203396235e-08,
          -0.991341233253479,
          0.13131165504455566,
          -0.6594380140304565
        ]
      ]
    ],
    [
      [
        [
          1.0,
          -2.4185728789646063e-16,
          -2.384185791015625e-07,
          1.1517509324466668e-16
        ],
        [
          -2.356276382897704e-07,
          0.15256178379058838,
          -0.9882939457893372,
          -0.23879335820674896
        ],
        [
          3.637356371655187e-08,
          0.9882939457893372,
          0.15256179869174957,
          -0.25606682896614075
        ]
      ],
      [
        [
          1.0,
          5.623069232463251e-10,
          -2.3841796803480975e-07,
          -2.0274769710337814e-11
        ],
        [
          2.363353672762969e-07,
          0.12956829369068146,
          0.9915705323219299,
          -0.2746254503726959
        ],
        [
          3.1448973203396235e-08,
          -0.9915705323219299,
          0.1295682042837143,
          -0.6589549779891968
        ]
      ]
    ],
    [
      [
        [
          1.0,
          -2.4185728789646063e-16,
          -2.384185791015625e-07,
          1.1500628222525685e-16
        ],
        [
          -2.356276382897704e-07,
          0.15256178379058838,
          -0.9882939457893372,
          -0.23879335820674896
        ],
        [
          3.637356371655187e-08,
          0.9882939457893372,
          0.15256179869174957,
          -0.25526484847068787
        ]
      ],
      [
        [
          1.0,
          1.2429333118291197e-09,
          -2.384153958701063e-07,
          -4.5495430339714815e-11
        ],
        [
          2.363353672762969e-07,
          0.1267370581626892,
          0.991936445236206,
          -0.2746254503726959
        ],
        [
          3.1448973203396235e-08,
          -0.991936445236206,
          0.12673696875572205,
          -0.6581529378890991
        ]
      ]
    ],
    [
      [
        [
          1.0,
          -2.4185728789646063e-16,
          -2.384185791015625e-07,
          1.1477091294503856e-16
        ],
        [
          -2.356276382897704e-07,
          0.15256178379058838,
          -0.9882939457893372,
          -0.23879335820674896
        ],
        [
          3.637356371655187e-08,
          0.9882939457893372,
          0.15256179869174957,
          -0.25414663553237915
        ]
      ],
      [
        [
          1.0,
          2.1701462848966457e-09,
          -2.384087594009543e-07,
          -8.06624628202357e-11
        ],
        [
          2.363353672762969e-07,
          0.12287835031747818,
          0.9924218058586121,
          -0.2746254503726959
        ],
        [
          3.1448973203396235e-08,
          -0.9924218058586121,
          0.12287826091051102,
          -0.6570347547531128
        ]
      ]
    ],
    [
      [
        [
          1.0,
          -2.4185728789646063e-16,
          -2.384185791015625e-07,
          1.1446951479960384e-16
        ],
        [
          -2.356276382897704e-07,
          0.15256178379058838,
          -0.9882939457893372,
          -0.23879337310791016
        ],
        [
          3.637356371655187e-08,
          0.9882939457893372,
          0.15256179869174957,
          -0.25271475315093994
        ]
      ],
      [
        [
          1.0,
          3.3291740475505094e-09,
          -2.383953869866673e-07,
          -1.2569399687745175e-10
        ],
        [
          2.363353672762969e-07,
          0.11805211752653122,
          0.993007481098175,
          -0.2746254503726959
        ],
        [
          3.1448973203396235e-08,
          -0.993007481098175,
          0.11805202811956406,
          -0.6556028127670288
        ]
      ]
    ],
    [
      [
        [
          1.0,
          -2.4185728789646063e-16,
          -2.384185791015625e-07,
          1.1410263041943452e-16
        ],
        [
          -2.356276382897704e-07,
          0.15256178379058838,
          -0.9882939457893372,
          -0.23879335820674896
        ],
        [
          3.637356371655187e-08,
          0.9882939457893372,
          0.15256179869174957,
          -0.25097179412841797
        ]
      ],
      [
        [
          1.0,
          4.705232203860987e-09,
          -2.383722090826268e-07,
          -1.8050816397163771e-10
        ],
        [
          2.363353672762969e-07,
          0.11231811344623566,
          0.9936723709106445,
          -0.2746254503726959
        ],
        [
          3.1448973203396235e-08,
          -0.9936723709106445,
          0.1123180240392685,
          -0.6538599133491516
        ]
      ]
    ],
    [
      [
        [
          1.0,
          -2.4185728789646063e-16,
          -2.384185791015625e-07,
          1.1367082890479204e-16
        ],
        [
          -2.356276382897704e-07,
          0.15256178379058838,
          -0.9882939457893372,
          -0.23879335820674896
        ],
        [
          3.637356371655187e-08,
          0.9882939457893372,
          0.15256179869174957,
          -0.24892036616802216
        ]
      ],
      [
        [
          1.0,
          6.28349550169105e-09,
          -2.3833581508370116e-07,
          -2.450231406658787e-10
        ],
        [
          2.363353672762969e-07,
          0.10573610663414001,
          0.9943943023681641,
          -0.2746254503726959
        ],
        [
          3.1448973203396235e-08,
          -0.9943943023681641,
          0.10573601722717285,
          -0.651808500289917
        ]
      ]
    ],
    [
      [
        [
          1.0,
          -2.4185728789646063e-16,
          -2.384185791015625e-07,
          1.1317463965126843e-16
        ],
        [
          -2.356276382897704e-07,
          0.15256178379058838,
          -0.9882939457893372,
          -0.23879335820674896
        ],
        [
          3.637356371655187e-08,
          0.9882939457893372,
          0.15256179869174957,
          -0.24656309187412262
        ]
      ],
      [
        [
          1.0,
          8.049078736860338e-09,
          -2.3828272333048517e-07,
          -3.191570063787452e-10
        ],
        [
          2.363353672762969e-07,
          0.09836605191230774,
          0.9951503276824951,
          -0.2746254503726959
        ],
        [
          3.1448973203396235e-08,
          -0.9951503276824951,
          0.09836596250534058,
          -0.6494512557983398
        ]
      ]
    ],
    [
      [
        [
          1.0,
          -2.4185728789646063e-16,
          -2.384185791015625e-07,
          1.1261463175912513e-16
        ],
        [
          -2.356276382897704e-07,
          0.15256178379058838,
          -0.9882939457893372,
          -0.23879337310791016
        ],
        [
          3.637356371655187e-08,
          0.9882939457893372,
          0.15256179869174957,
          -0.24390259385108948
        ]
      ],
      [
        [
          1.0,
          9.987012994372435e-09,
          -2.382093668984453e-07,
          -4.0282790991774675e-10
        ],
        [
          2.363353672762969e-07,
          0.09026820957660675,
          0.995917558670044,
          -0.2746254503726959
        ],
        [
          3.1448973203396235e-08,
          -0.995917558670044,
          0.09026812016963959,
          -0.6467906832695007
        ]
      ]
    ],
    [
      [
        [
          1.0,
          -2.4185728789646063e-16,
          -2.384185791015625e-07,
          1.1199130815417457e-16
        ],
        [
          -2.356276382897704e-07,
          0.15256178379058838,
          -0.9882939457893372,
          -0.23879337310791016
        ],
        [
          3.637356371655187e-08,
          0.9882939457893372,
          0.15256179869174957,
          -0.2409413754940033
        ]
      ],
      [
        [
          1.0,
          1.2082232991872388e-08,
          -2.3811229254988575e-07,
          -4.959540000903928e-10
        ],
        [
          2.363353672762969e-07,
          0.08150330185890198,
          0.9966731071472168,
          -0.2746254503726959
        ],
        [
          3.1448973203396235e-08,
          -0.9966731071472168,
          0.08150321245193481,
          -0.6438295245170593
        ]
      ]
    ],
    [
      [
        [
          1.0,
          -2.4185728789646063e-16,
          -2.384185791015625e-07,
          1.113052776413476e-16
        ],
        [
          -2.356276382897704e-07,
          0.15256178379058838,
          -0.9882939457893372,
          -0.23879335820674896
        ],
        [
          3.637356371655187e-08,
          0.9882939457893372,
          0.15256179869174957,
          -0.23768216371536255
        ]
      ],
      [
        [
          1.0,
          1.4319573082843817e-08,
          -2.3798823178822204e-07,
          -5.984535089709198e-10
        ],
        [
          2.363353672762969e-07,
          0.07213257998228073,
          0.9973950982093811,
          -0.2746254503726959
        ],
        [
          3.1448973203396235e-08,
          -0.9973950982093811,
          0.07213249057531357,
          -0.6405702829360962
        ]
      ]
    ],
    [
      [
        [
          1.0,
          -2.4185728789646063e-16,
          -2.384185791015625e-07,
          1.1055704314645663e-16
        ],
        [
          -2.356276382897704e-07,
          0.15256178379058838,
          -0.9882939457893372,
          -0.23879337310791016
        ],
        [
          3.637356371655187e-08,
          0.9882939457893372,
          0.15256179869174957,
          -0.2341274619102478
        ]
      ],
      [
        [
          1.0,
          1.668375482211104e-08,
          -2.3783418612310925e-07,
          -7.102443633222322e-10
        ],
        [
          2.363353672762969e-07,
          0.062217891216278076,
          0.9980626702308655,
          -0.2746254503726959
        ],
        [
          3.1448973203396235e-08,
          -0.9980626702308655,
          0.06221780180931091,
          -0.6370155811309814
        ]
      ]
    ],
    [
      [
        [
          1.0,
          -2.4185728789646063e-16,
          -2.384185791015625e-07,
          1.0974717376976311e-16
        ],
        [
          -2.356276382897704e-07,
          0.15256178379058838,
          -0.9882939457893372,
          -0.23879337310791016
        ],
        [
          3.637356371655187e-08,
          0.9882939457893372,
          0.15256179869174957,
          -0.23027996718883514
        ]
      ],
      [
        [
          1.0,
          1.915940117669379e-08,
          -2.376475549681345e-07,
          -8.312450727743226e-10
        ],
        [
          2.363353672762969e-07,
          0.051821764558553696,
          0.9986563920974731,
          -0.2746254503726959
        ],
        [
          3.1448973203396235e-08,
          -0.9986563920974731,
          0.05182167515158653,
          -0.6331680417060852
        ]
      ]
    ],
    [
      [
        [
          1.0,
          -2.4185728789646063e-16,
          -2.384185791015625e-07,
          1.0887621214174888e-16
        ],
        [
          -2.356276382897704e-07,
          0.15256178379058838,
          -0.9882939457893372,
          -0.23879337310791016
        ],
        [
          3.637356371655187e-08,
          0.9882939457893372,
          0.15256179869174957,
          -0.22614221274852753
        ]
      ],
      [
        [
          1.0,
          2.1731048960305088e-08,
          -2.3742622090594523e-07,
          -9.613732032676126e-10
        ],
        [
          2.363353672762969e-07,
          0.04100729152560234,
          0.9991589188575745,
          -0.2746254503726959
        ],
        [
          3.1448973203396235e-08,
          -0.9991589188575745,
          0.04100720211863518,
          -0.6290302872657776
        ]
      ]
    ],
    [
      [
        [
          1.0,
          -2.4185728789646063e-16,
          -2.384185791015625e-07,
          1.0794471412778556e-16
        ],
        [
          -2.356276382897704e-07,
          0.15256178379058838,
          -0.9882939457893372,
          -0.23879337310791016
        ],
        [
          3.637356371655187e-08,
          0.9882939457893372,
          0.15256179869174957,
          -0.22171683609485626
        ]
      ],
      [
        [
          1.0,
          2.43831514978865e-08,
          -2.3716852126653976e-07,
          -1.1005472089209434e-09
        ],
        [
          2.363353672762969e-07,
          0.029838185757398605,
          0.9995547533035278,
          -0.2746254503726959
        ],
        [
          3.1448973203396235e-08,
          -0.9995547533035278,
          0.029838096350431442,
          -0.6246049404144287
        ]
      ]
    ],
    [
      [
        [
          1.0,
          -2.4185728789646063e-16,
          -2.384185791015625e-07,
          1.069531958885754e-16
        ],
        [
          -2.356276382897704e-07,
          0.15256178379058838,
          -0.9882939457893372,
          -0.23879337310791016
        ],
        [
          3.637356371655187e-08,
          0.9882939457893372,
          0.15256179869174957,
          -0.2170063704252243
        ]
      ],
      [
        [
          1.0,
          2.710010171824706e-08,
          -2.368734470792333e-07,
          -1.248685488342005e-09
        ],
        [
          2.363353672762969e-07,
          0.01837879791855812,
          0.9998311400413513,
          -0.2746254503726959
        ],
        [
          3.1448973203396235e-08,
          -0.9998311400413513,
          0.018378708511590958,
          -0.6198945641517639
        ]
      ]
    ],
    [
      [
        [
          1.0,
          -2.4185728789646063e-16,
          -2.384185791015625e-07,
          1.0590223975926962e-16
        ],
        [
          -2.356276382897704e-07,
          0.15256178379058838,
          -0.9882939457893372,
          -0.23879335820674896
        ],
        [
          3.637356371655187e-08,
          0.9882939457893372,
          0.15256179869174957,
          -0.21201351284980774
        ]
      ],
      [
        [
          1.0,
          2.986627833934108e-08,
          -2.3654058622923912e-07,
          -1.4057056629823705e-09
        ],
        [
          2.363353672762969e-07,
          0.006693840026855469,
          0.9999776482582092,
          -0.2746254503726959
        ],
        [
          3.1448973203396235e-08,
          -0.9999776482582092,
          0.006693750619888306,
          -0.6149016618728638
        ]
      ]
    ],
    [
      [
        [
          1.0,
          -2.4185728789646063e-16,
          -2.384185791015625e-07,
          1.0479238175290518e-16
        ],
        [
          -2.356276382897704e-07,
          0.15256178379058838,
          -0.9882939457893372,
          -0.23879335820674896
        ],
        [
          3.637356371655187e-08,
          0.9882939457893372,
          0.15256179869174957,
          -0.2067408263683319
        ]
      ],
      [
        [
          1.0,
          3.26660298810566e-08,
          -2.3617022293365153e-07,
          -1.5715262424720322e-09
        ],
        [
          2.363353672762969e-07,
          -0.005151476711034775,
          0.9999868273735046,
          -0.2746254503726959
        ],
        [
          3.1448973203396235e-08,
          -0.9999867677688599,
          -0.005151566118001938,
          -0.6096289157867432
        ]
      ]
    ],
    [
      [
        [
          1.0,
          -2.4185728789646063e-16,
          -2.384185791015625e-07,
          1.0362417111740879e-16
        ],
        [
          -2.356276382897704e-07,
          0.15256178379058838,
          -0.9882939457893372,
          -0.23879335820674896
        ],
        [
          3.637356371655187e-08,
          0.9882939457893372,
          0.15256179869174957,
          -0.20119091868400574
        ]
      ],
      [
        [
          1.0,
          3.548377591755525e-08,
          -2.3576332353059115e-07,
          -1.7460651813294703e-09
        ],
        [
          2.363353672762969e-07,
          -0.01709180325269699,
          0.9998539686203003,
          -0.2746254503726959
        ],
        [
          3.1448973203396235e-08,
          -0.9998539686203003,
          -0.017091888934373856,
          -0.604079008102417
        ]
      ]
    ],
    [
      [
        [
          1.0,
          -2.4185728789646063e-16,
          -2.384185791015625e-07,
          1.0239816371815209e-16
        ],
        [
          -2.356276382897704e-07,
          0.15256178379058838,
          -0.9882939457893372,
          -0.23879337310791016
        ],
        [
          3.637356371655187e-08,
          0.9882939457893372,
          0.15256179869174957,
          -0.19536641240119934
        ]
      ],
      [
        [
          1.0,
          3.8303987537346984e-08,
          -2.353215933226238e-07,
          -1.9292405450954675e-09
        ],
        [
          2.363353672762969e-07,
          -0.029061656445264816,
          0.9995777010917664,
          -0.2746254503726959
        ],
        [
          3.1448973203396235e-08,
          -0.9995777010917664,
          -0.029061730951070786,
          -0.5982545614242554
        ]
      ]
    ],
    [
      [
        [
          1.0,
          -2.4185728789646063e-16,
          -2.384185791015625e-07,
          1.0111488895072712e-16
        ],
        [
          -2.356276382897704e-07,
          0.15256178379058838,
          -0.9882939457893372,
          -0.23879335820674896
        ],
        [
          3.637356371655187e-08,
          0.9882939457893372,
          0.15256179869174957,
          -0.18926984071731567
        ]
      ],
      [
        [
          1.0,
          4.111119622507431e-08,
          -2.3484743394419638e-07,
          -2.120970732377714e-09
        ],
        [
          2.363353672762969e-07,
          -0.040995389223098755,
          0.9991593956947327,
          -0.2746254503726959
        ],
        [
          3.1448973203396235e-08,
          -0.9991593956947327,
          -0.04099547863006592,
          -0.5921580195426941
        ]
      ]
    ],
    [
      [
        [
          1.0,
          -2.4185728789646063e-16,
          -2.384185791015625e-07,
          9.977490929795042e-17
        ],
        [
          -2.356276382897704e-07,
          0.15256178379058838,
          -0.9882939457893372,
          -0.23879335820674896
        ],
        [
          3.637356371655187e-08,
          0.9882939457893372,
          0.15256179869174957,
          -0.18290388584136963
        ]
      ],
      [
        [
          1.0,
          4.3890114653777346e-08,
          -2.3434398599420092e-07,
          -2.3211739197392944e-09
        ],
        [
          2.363353672762969e-07,
          -0.05282770097255707,
          0.9986037015914917,
          -0.2746254503726959
        ],
        [
          3.1448973203396235e-08,
          -0.9986036419868469,
          -0.05282779410481453,
          -0.5857920050621033
        ]
      ]
    ],
    [
      [
        [
          1.0,
          -2.4185728789646063e-16,
          -2.384185791015625e-07,
          9.837876739030382e-17
        ],
        [
          -2.356276382897704e-07,
          0.15256178379058838,
          -0.9882939457893372,
          -0.23879335820674896
        ],
        [
          3.637356371655187e-08,
          0.9882939457893372,
          0.15256179869174957,
          -0.17627112567424774
        ]
      ],
      [
        [
          1.0,
          4.6625572736047616e-08,
          -2.3381510061426525e-07,
          -2.529768172720992e-09
        ],
        [
          2.363353672762969e-07,
          -0.06449340283870697,
          0.9979182481765747,
          -0.2746254503726959
        ],
        [
          3.1448973203396235e-08,
          -0.9979182481765747,
          -0.06449349224567413,
          -0.5791592001914978
        ]
      ]
    ],
    [
      [
        [
          1.0,
          -2.4185728789646063e-16,
          -2.384185791015625e-07,
          9.692700585826915e-17
        ],
        [
          -2.356276382897704e-07,
          0.15256178379058838,
          -0.9882939457893372,
          -0.23879335820674896
        ],
        [
          3.637356371655187e-08,
          0.9882939457893372,
          0.15256179869174957,
          -0.16937413811683655
        ]
      ],
      [
        [
          1.0,
          4.930263841629312e-08,
          -2.332652968561888e-07,
          -2.7466711127743793e-09
        ],
        [
          2.363353672762969e-07,
          -0.07592791318893433,
          0.9971134662628174,
          -0.2746254503726959
        ],
        [
          3.1448973203396235e-08,
          -0.9971134066581726,
          -0.07592799514532089,
          -0.5722622275352478
        ]
      ]
    ],
    [
      [
        [
          1.0,
          -2.4185728789646063e-16,
          -2.384185791015625e-07,
          9.542018056721806e-17
        ],
        [
          -2.356276382897704e-07,
          0.15256178379058838,
          -0.9882939457893372,
          -0.23879335820674896
        ],
        [
          3.637356371655187e-08,
          0.9882939457893372,
          0.15256179869174957,
          -0.16221553087234497
        ]
      ],
      [
        [
          1.0,
          5.190650043118694e-08,
          -2.3269971904937847e-07,
          -2.9718021377078685e-09
        ],
        [
          2.363353672762969e-07,
          -0.08706678450107574,
          0.9962025284767151,
          -0.2746254503726959
        ],
        [
          3.1448973203396235e-08,
          -0.9962025284767151,
          -0.08706687390804291,
          -0.5651036500930786
        ]
      ]
    ],
    [
      [
        [
          1.0,
          -2.4185728789646063e-16,
          -2.384185791015625e-07,
          9.385883414763236e-17
        ],
        [
          -2.356276382897704e-07,
          0.15256178379058838,
          -0.9882939457893372,
          -0.23879335820674896
        ],
        [
          3.637356371655187e-08,
          0.9882939457893372,
          0.15256179869174957,
          -0.15479794144630432
        ]
      ],
      [
        [
          1.0,
          5.442266726163325e-08,
          -2.3212415101170336e-07,
          -3.205077536705403e-09
        ],
        [
          2.363353672762969e-07,
          -0.09784655272960663,
          0.9952016472816467,
          -0.2746254503726959
        ],
        [
          3.1448973203396235e-08,
          -0.9952016472816467,
          -0.09784664213657379,
          -0.5576860308647156
        ]
      ]
    ],
    [
      [
        [
          1.0,
          -2.4185728789646063e-16,
          -2.384185791015625e-07,
          9.224352246488371e-17
        ],
        [
          -2.356276382897704e-07,
          0.15256178379058838,
          -0.9882939457893372,
          -0.23879335820674896
        ],
        [
          3.637356371655187e-08,
          0.9882939457893372,
          0.15256179869174957,
          -0.14712393283843994
        ]
      ],
      [
        [
          1.0,
          5.6836814366079125e-08,
          -2.3154485973009287e-07,
          -3.4464169296199998e-09
        ],
        [
          2.363353672762969e-07,
          -0.10820424556732178,
          0.9941288232803345,
          -0.2746254503726959
        ],
        [
          3.1448973203396235e-08,
          -0.9941287636756897,
          -0.10820433497428894,
          -0.5500120520591736
        ]
      ]
    ],
    [
      [
        [
          1.0,
          -2.4185728789646063e-16,
          -2.384185791015625e-07,
          9.057479476689884e-17
        ],
        [
          -2.356276382897704e-07,
          0.15256178379058838,
          -0.9882939457893372,
          -0.23879337310791016
        ],
        [
          3.637356371655187e-08,
          0.9882939457893372,
          0.15256179869174957,
          -0.13919615745544434
        ]
      ],
      [
        [
          1.0,
          5.913485168207444e-08,
          -2.3096865220395557e-07,
          -3.695737937903232e-09
        ],
        [
          2.363353672762969e-07,
          -0.11807748675346375,
          0.993004560470581,
          -0.2746254503726959
        ],
        [
          3.1448973203396235e-08,
          -0.9930045008659363,
          -0.11807757616043091,
          -0.542084276676178
        ]
      ]
    ],
    [
      [
        [
          1.0,
          -2.4185728789646063e-16,
          -2.384185791015625e-07,
          8.885317383182487e-17
        ],
        [
          -2.356276382897704e-07,
          0.15256178379058838,
          -0.9882939457893372,
          -0.23879335820674896
        ],
        [
          3.637356371655187e-08,
          0.9882939457893372,
          0.15256179869174957,
          -0.13101714849472046
        ]
      ],
      [
        [
          1.0,
          6.130297691697706e-08,
          -2.3040267649321322e-07,
          -3.9529588491404866e-09
        ],
        [
          2.363353672762969e-07,
          -0.12740489840507507,
          0.9918508529663086,
          -0.2746254503726959
        ],
        [
          3.1448973203396235e-08,
          -0.9918507933616638,
          -0.12740500271320343,
          -0.5339052677154541
        ]
      ]
    ],
    [
      [
        [
          1.0,
          -2.4185728789646063e-16,
          -2.384185791015625e-07,
          8.707924861225795e-17
        ],
        [
          -2.356276382897704e-07,
          0.15256178379058838,
          -0.9882939457893372,
          -0.23879335820674896
        ],
        [
          3.637356371655187e-08,
          0.9882939457893372,
          0.15256179869174957,
          -0.1225895956158638
        ]
      ],
      [
        [
          1.0,
          6.332754765026039e-08,
          -2.2985445014001016e-07,
          -4.217997062738732e-09
        ],
        [
          2.363353672762969e-07,
          -0.13612568378448486,
          0.9906916618347168,
          -0.2746254503726959
        ],
        [
          3.1448973203396235e-08,
          -0.9906916618347168,
          -0.13612575829029083,
          -0.5254777073860168
        ]
      ]
    ],
    [
      [
        [
          1.0,
          -2.4185728789646063e-16,
          -2.384185791015625e-07,
          8.525353526890031e-17
        ],
        [
          -2.356276382897704e-07,
          0.15256178379058838,
          -0.9882939457893372,
          -0.23879335820674896
        ],
        [
          3.637356371655187e-08,
          0.9882939457893372,
          0.15256179869174957,
          -0.11391602456569672
        ]
      ],
      [
        [
          1.0,
          6.519507422808601e-08,
          -2.293317464818756e-07,
          -4.490771754461775e-09
        ],
        [
          2.363353672762969e-07,
          -0.14417940378189087,
          0.9895516037940979,
          -0.2746254503726959
        ],
        [
          3.1448973203396235e-08,
          -0.9895516037940979,
          -0.14417949318885803,
          -0.5168040990829468
        ]
      ]
    ],
    [
      [
        [
          1.0,
          -2.4185728789646063e-16,
          -2.384185791015625e-07,
          8.337659628456848e-17
        ],
        [
          -2.356276382897704e-07,
          0.15256178379058838,
          -0.9882939457893372,
          -0.23879335820674896
        ],
        [
          3.637356371655187e-08,
          0.9882939457893372,
          0.15256179869174957,
          -0.10499909520149231
        ]
      ],
      [
        [
          1.0,
          6.689234766099617e-08,
          -2.2884243833232176e-07,
          -4.771200767805794e-09
        ],
        [
          2.363353672762969e-07,
          -0.15150681138038635,
          0.9884563684463501,
          -0.2746254503726959
        ],
        [
          3.1448973203396235e-08,
          -0.9884563088417053,
          -0.15150690078735352,
          -0.5078871846199036
        ]
      ]
    ],
    [
      [
        [
          1.0,
          -2.4185728789646063e-16,
          -2.384185791015625e-07,
          8.144896105485451e-17
        ],
        [
          -2.356276382897704e-07,
          0.15256178379058838,
          -0.9882939457893372,
          -0.23879335820674896
        ],
        [
          3.637356371655187e-08,
          0.9882939457893372,
          0.15256179869174957,
          -0.09584134072065353
        ]
      ],
      [
        [
          1.0,
          6.840613764325099e-08,
          -2.2839449798084388e-07,
          -5.0592028344453865e-09
        ],
        [
          2.363353672762969e-07,
          -0.15804843604564667,
          0.9874314665794373,
          -0.2746254503726959
        ],
        [
          3.1448973203396235e-08,
          -0.9874314069747925,
          -0.15804852545261383,
          -0.49872949719429016
        ]
      ]
    ],
    [
      [
        [
          1.0,
          -2.4185728789646063e-16,
          -2.384185791015625e-07,
          7.947119868001982e-17
        ],
        [
          -2.356276382897704e-07,
          0.15256178379058838,
          -0.9882939457893372,
          -0.23879335820674896
        ],
        [
          3.637356371655187e-08,
          0.9882939457893372,
          0.15256179869174957,
          -0.08644542843103409
        ]
      ],
      [
        [
          1.0,
          6.97233843993672e-08,
          -2.279958266626636e-07,
          -5.35469357743068e-09
        ],
        [
          2.363353672762969e-07,
          -0.1637456715106964,
          0.9865026473999023,
          -0.2746254503726959
        ],
        [
          3.1448973203396235e-08,
          -0.9865025877952576,
          -0.16374576091766357,
          -0.4893335700035095
        ]
      ]
    ],
    [
      [
        [
          1.0,
          -2.4185728789646063e-16,
          -2.384185791015625e-07,
          7.744385840799116e-17
        ],
        [
          -2.356276382897704e-07,
          0.15256178379058838,
          -0.9882939457893372,
          -0.23879335820674896
        ],
        [
          3.637356371655187e-08,
          0.9882939457893372,
          0.15256179869174957,
          -0.0768139585852623
        ]
      ],
      [
        [
          1.0,
          7.083099973215212e-08,
          -2.27654155082746e-07,
          -5.657594392971532e-09
        ],
        [
          2.363353672762969e-07,
          -0.16853979229927063,
          0.9856948852539062,
          -0.2746254503726959
        ],
        [
          3.1448973203396235e-08,
          -0.9856948256492615,
          -0.1685398668050766,
          -0.47970208525657654
        ]
      ]
    ],
    [
      [
        [
          1.0,
          -2.4185728789646063e-16,
          -2.384185791015625e-07,
          7.536747625180545e-17
        ],
        [
          -2.356276382897704e-07,
          0.15256178379058838,
          -0.9882939457893372,
          -0.23879335820674896
        ],
        [
          3.637356371655187e-08,
          0.9882939457893372,
          0.15256179869174957,
          -0.0669495239853859
        ]
      ],
      [
        [
          1.0,
          7.171580307385739e-08,
          -2.2737697236152599e-07,
          -5.967820904118071e-09
        ],
        [
          2.363353672762969e-07,
          -0.17237184941768646,
          0.9850320816040039,
          -0.2746254503726959
        ],
        [
          3.1448973203396235e-08,
          -0.9850320219993591,
          -0.17237193882465363,
          -0.4698376953601837
        ]
      ]
    ],
    [
      [
        [
          1.0,
          -2.4185728789646063e-16,
          -2.384185791015625e-07,
          7.324259484194453e-17
        ],
        [
          -2.356276382897704e-07,
          0.15256178379058838,
          -0.9882939457893372,
          -0.23879335820674896
        ],
        [
          3.637356371655187e-08,
          0.9882939457893372,
          0.15256179869174957,
          -0.05685469135642052
        ]
      ],
      [
        [
          1.0,
          7.236466359472615e-08,
          -2.2717131287208758e-07,
          -6.285293618901733e-09
        ],
        [
          2.363353672762969e-07,
          -0.17518337070941925,
          0.9845359325408936,
          -0.27462542057037354
        ],
        [
          3.1448973203396235e-08,
          -0.9845359325408936,
          -0.1751834601163864,
          -0.45974284410476685
        ]
      ]
    ],
    [
      [
        [
          1.0,
          -2.4185728789646063e-16,
          -2.384185791015625e-07,
          7.106977666122494e-17
        ],
        [
          -2.356276382897704e-07,
          0.15256178379058838,
          -0.9882939457893372,
          -0.23879335820674896
        ],
        [
          3.637356371655187e-08,
          0.9882939457893372,
          0.15256179869174957,
          -0.046532101929187775
        ]
      ],
      [
        [
          1.0,
          7.276401703393276e-08,
          -2.2704371360759978e-07,
          -6.609928160372647e-09
        ],
        [
          2.363353672762969e-07,
          -0.17691431939601898,
          0.9842263460159302,
          -0.2746254503726959
        ],
        [
          3.1448973203396235e-08,
          -0.9842263460159302,
          -0.17691440880298615,
          -0.4494202136993408
        ]
      ]
    ],
    [
      [
        [
          1.0,
          -2.4185728789646063e-16,
          -2.384185791015625e-07,
          6.88495577226836e-17
        ],
        [
          -2.356276382897704e-07,
          0.15256178379058838,
          -0.9882939457893372,
          -0.23879335820674896
        ],
        [
          3.637356371655187e-08,
          0.9882939457893372,
          0.15256179869174957,
          -0.03598432615399361
        ]
      ],
      [
        [
          1.0,
          3.9693746912690484e-15,
          -2.3841863594498136e-07,
          -6.941645480651459e-09
        ],
        [
          2.3463252318833838e-07,
          -0.17750485241413116,
          0.9841199517250061,
          -0.27462542057037354
        ],
        [
          -4.2320461801637066e-08,
          -0.9841199517250061,
          -0.17750492691993713,
          -0.43887245655059814
        ]
      ]
    ],
    [
      [
        [
          1.0,
          -2.4185728789646063e-16,
          -2.384185791015625e-07,
          6.658250050913707e-17
        ],
        [
          -2.356276382897704e-07,
          0.15256178379058838,
          -0.9882939457893372,
          -0.23879335820674896
        ],
        [
          3.637356371655187e-08,
          0.9882939457893372,
          0.15256179869174957,
          -0.025214023888111115
        ]
      ],
      [
        [
          1.0,
          -2.6443872092052345e-10,
          -2.384599042670743e-07,
          -7.2803598705206696e-09
        ],
        [
          2.346732941305163e-07,
          -0.17641283571720123,
          0.9843162894248962,
          -0.2746254503726959
        ],
        [
          -4.232767736311871e-08,
          -0.984316349029541,
          -0.1764129102230072,
          -0.42810219526290894
        ]
      ]
    ],
    [
      [
        [
          1.0,
          -2.4185728789646063e-16,
          -2.384185791015625e-07,
          6.426914103362227e-17
        ],
        [
          -2.356276382897704e-07,
          0.15256178379058838,
          -0.9882939457893372,
          -0.23879335820674896
        ],
        [
          3.637356371655187e-08,
          0.9882939457893372,
          0.15256179869174957,
          -0.014223753474652767
        ]
      ],
      [
        [
          1.0,
          -1.040344366209922e-09,
          -2.385792470249726e-07,
          -7.625993170279344e-09
        ],
        [
          2.34792963738073e-07,
          -0.1732085943222046,
          0.9848852753639221,
          -0.2746254503726959
        ],
        [
          -4.2348602846686845e-08,
          -0.9848852157592773,
          -0.17320866882801056,
          -0.4171118438243866
        ]
      ]
    ],
    [
      [
        [
          1.0,
          -2.4185728789646063e-16,
          -2.384185791015625e-07,
          6.191002192662104e-17
        ],
        [
          -2.356276382897704e-07,
          0.15256178379058838,
          -0.9882939457893372,
          -0.23879335820674896
        ],
        [
          3.637356371655187e-08,
          0.9882939457893372,
          0.15256179869174957,
          -0.0030161268077790737
        ]
      ],
      [
        [
          1.0,
          -2.3022610484702e-09,
          -2.3876785348875273e-07,
          -7.9784605588884e-09
        ],
        [
          2.3498759560425242e-07,
          -0.1679968237876892,
          0.9857876300811768,
          -0.27462542057037354
        ],
        [
          -4.2381774534305805e-08,
          -0.9857876300811768,
          -0.16799691319465637,
          -0.40590426325798035
        ]
      ]
    ],
    [
      [
        [
          1.0,
          -2.4185728789646063e-16,
          -2.384185791015625e-07,
