{
  "P": [
    [
      [
        [
          1.0,
          0.0,
          4.7683710135970614e-07,
          -2.943836009007127e-16
        ],
        [
          4.7670971525803907e-07,
          -0.023117056116461754,
          -0.9997327327728271,
          0.5306564569473267
        ],
        [
          1.1023070456417372e-08,
          0.9997327327728271,
          -0.023117056116461754,
          -1.3257858753204346
        ]
      ],
      [
        [
          1.0,
          0.0,
          -2.3841855067985307e-07,
          3.4790112774170953e-16
        ],
        [
          2.1430648189380008e-07,
          0.43822214007377625,
          0.8988667130470276,
          1.1363269090652466
        ],
        [
          1.0448028575638091e-07,
          -0.8988666534423828,
          0.43822214007377625,
          -2.596099376678467
        ]
      ]
    ],
    [
      [
        [
          1.0,
          0.0,
          4.7683710135970614e-07,
          -2.943836009007127e-16
        ],
        [
          4.7670971525803907e-07,
          -0.023117056116461754,
          -0.9997327327728271,
          0.5306564569473267
        ],
        [
          1.1023070456417372e-08,
          0.9997327327728271,
          -0.023117056116461754,
          -1.3257858753204346
        ]
      ],
      [
        [
          1.0,
          0.0,
          -2.3841855067985307e-07,
          3.4790112774170953e-16
        ],
        [
          2.1430648189380008e-07,
          0.43822214007377625,
          0.8988667130470276,
          1.1363269090652466
        ],
        [
          1.0448028575638091e-07,
          -0.8988666534423828,
          0.43822214007377625,
          -2.596099376678467
        ]
      ]
    ],
    [
      [
        [
          1.0,
          0.00019012783013749868,
          -3.91954199585598e-06,
          -2.935162391627243e-16
        ],
        [
          4.767014161188854e-07,
          -0.023117056116461754,
          -0.9997327327728271,
          0.5306564569473267
        ],
        [
          -0.00019016762962564826,
          0.9997327327728271,
          -0.023117056116461754,
          -1.3246551752090454
        ]
      ],
      [
        [
          0.9999986290931702,
          0.0014772959984838963,
          -0.0007204607827588916,
          3.61778915549524e-16
        ],
        [
          2.144362412082046e-07,
          0.43822214007377625,
          0.8988667130470276,
          1.1363269090652466
        ],
        [
          0.001643613912165165,
          -0.8988654613494873,
          0.4382215440273285,
          -2.594968795776367
        ]
      ]
    ],
    [
      [
        [
          0.9999997019767761,
          0.0007437982712872326,
          -1.6722220607334748e-05,
          -2.909141539487591e-16
        ],
        [
          4.7667342073509644e-07,
          -0.023117054253816605,
          -0.9997327327728271,
          0.5306564569473267
        ],
        [
          -0.0007439860492013395,
          0.9997324347496033,
          -0.023117050528526306,
          -1.3212757110595703
        ]
      ],
      [
        [
          0.9999793171882629,
          0.005781150888651609,
          -0.0028187083080410957,
          4.0341227897296736e-16
        ],
        [
          2.1504884273326752e-07,
          0.43822216987609863,
          0.8988667130470276,
          1.1363269090652466
        ],
        [
          0.0064317043870687485,
          -0.8988480567932129,
          0.438213050365448,
          -2.5915892124176025
        ]
      ]
    ],
    [
      [
        [
          0.9999986886978149,
          0.0016359429573640227,
          -3.7351532228058204e-05,
          -2.874447069968055e-16
        ],
        [
          4.766339145589882e-07,
          -0.023117056116461754,
          -0.9997327327728271,
          0.5306564569473267
        ],
        [
          -0.0016363691538572311,
          0.9997314214706421,
          -0.023117024451494217,
          -1.3156665563583374
        ]
      ],
      [
        [
          0.9998998641967773,
          0.012721500359475613,
          -0.006202319636940956,
          4.589234037344456e-16
        ],
        [
          2.158349872161125e-07,
          0.43822214007377625,
          0.8988667130470276,
          1.1363269090652466
        ],
        [
          0.01415292639285326,
          -0.8987765908241272,
          0.43817824125289917,
          -2.58597993850708
        ]
      ]
    ],
    [
      [
        [
          0.9999959468841553,
          0.0028414942789822817,
          -6.52278249617666e-05,
          -2.8050581309289825e-16
        ],
        [
          4.765908272474917e-07,
          -0.023117054253816605,
          -0.9997327327728271,
          0.5306564569473267
        ],
        [
          -0.0028422425966709852,
          0.9997286796569824,
          -0.023116962984204292,
          -1.3078465461730957
        ]
      ],
      [
        [
          0.9996974468231201,
          0.022109659388661385,
          -0.0107793053612113,
          5.699457061969612e-16
        ],
        [
          2.1717946196986304e-07,
          0.43822216987609863,
          0.8988667130470276,
          1.1363269090652466
        ],
        [
          0.024597367271780968,
          -0.8985947370529175,
          0.438089519739151,
          -2.578160047531128
        ]
      ]
    ],
    [
      [
        [
          0.9999905824661255,
          0.004335382021963596,
          -9.977143054129556e-05,
          -2.943836009007127e-16
        ],
        [
          4.7649385237491515e-07,
          -0.023117054253816605,
          -0.9997327327728271,
          0.5306564569473267
        ],
        [
          -0.00433652987703681,
          0.9997233152389526,
          -0.023116838186979294,
          -1.2978346347808838
        ]
      ],
      [
        [
          0.9992945790290833,
          0.03375660255551338,
          -0.016457509249448776,
          7.919903111219925e-16
        ],
        [
          2.1765951885299728e-07,
          0.43822214007377625,
          0.8988667130470276,
          1.1363269090652466
        ],
        [
          0.03755472972989082,
          -0.8982325792312622,
          0.4379130005836487,
          -2.568148136138916
        ]
      ]
    ],
    [
      [
        [
          0.9999814033508301,
          0.006092533003538847,
          -0.000140402524266392,
          -2.666280252850838e-16
        ],
        [
          4.7640534717174887e-07,
          -0.023117054253816605,
          -0.9997327327728271,
          0.5306564569473267
        ],
        [
          -0.006094150245189667,
          0.999714195728302,
          -0.02311662770807743,
          -1.2856500148773193
        ]
      ],
      [
        [
          0.9986044764518738,
          0.047471337020397186,
          -0.023143820464611053,
          7.919903111219925e-16
        ],
        [
          2.20041215470701e-07,
          0.43822214007377625,
          0.8988667130470276,
          1.1363269090652466
        ],
        [
          0.05281253904104233,
          -0.8976122140884399,
          0.43761059641838074,
          -2.5559635162353516
        ]
      ]
    ],
    [
      [
        [
          0.9999672770500183,
          0.008087869733572006,
          -0.0001865412195911631,
          -2.943836009007127e-16
        ],
        [
          4.7635504074605706e-07,
          -0.023117052391171455,
          -0.9997327327728271,
          0.5306564569473267
        ],
        [
          -0.008090020157396793,
          0.9997000098228455,
          -0.023116299882531166,
          -1.2713114023208618
        ]
      ],
      [
        [
          0.9975361227989197,
          0.06305944919586182,
          -0.03074345365166664,
          1.2360795209720552e-15
        ],
        [
          2.2057029980260268e-07,
          0.43822216987609863,
          0.8988667130470276,
          1.1363269090652466
        ],
        [
          0.07015449553728104,
          -0.8966519832611084,
          0.43714243173599243,
          -2.5416250228881836
        ]
      ]
    ],
    [
      [
        [
          0.9999469518661499,
          0.01029630284756422,
          -0.00023760746989864856,
          -2.388724496694549e-16
        ],
        [
          4.7621969656574947e-07,
          -0.023117050528526306,
          -0.9997327327728271,
          0.5306564569473267
        ],
        [
          -0.010299043729901314,
          0.9996797442436218,
          -0.02311583049595356,
          -1.254837989807129
        ]
      ],
      [
        [
          0.9959994554519653,
          0.08032200485467911,
          -0.03915942832827568,
          1.2360795209720552e-15
        ],
        [
          2.2853103587294754e-07,
          0.43822214007377625,
          0.8988667726516724,
          1.1363269090652466
        ],
        [
          0.08935929834842682,
          -0.8952706456184387,
          0.43646901845932007,
          -2.525151491165161
        ]
      ]
    ],
    [
      [
        [
          0.9999194145202637,
          0.012692742049694061,
          -0.00029302097391337156,
          -2.943836009007127e-16
        ],
        [
          4.761163268085511e-07,
          -0.023117050528526306,
          -0.9997327327728271,
          0.5306564569473267
        ],
        [
          -0.012696122750639915,
          0.999652087688446,
          -0.023115191608667374,
          -1.2362487316131592
        ]
      ],
      [
        [
          0.993909478187561,
          0.09905482083559036,
          -0.04829218611121178,
          1.2360795209720552e-15
        ],
        [
          2.2526880627538048e-07,
          0.43822216987609863,
          0.8988667130470276,
          1.1363269090652466
        ],
        [
          0.11019977927207947,
          -0.893392026424408,
          0.4355531334877014,
          -2.5065622329711914
        ]
      ]
    ],
    [
      [
        [
          0.9998835921287537,
          0.01525209005922079,
          -0.00035220151767134666,
          -2.943836009007127e-16
        ],
        [
          4.7598737751286535e-07,
          -0.023117048665881157,
          -0.9997327327728271,
          0.5306564569473267
        ],
        [
          -0.015256155282258987,
          0.9996163845062256,
          -0.023114364594221115,
          -1.2155624628067017
        ]
      ],
      [
        [
          0.9911906719207764,
          0.1190483346581459,
          -0.058039575815200806,
          2.1242580465512988e-15
        ],
        [
          2.2565842527910718e-07,
          0.43822214007377625,
          0.8988666534423828,
          1.1363269090652466
        ],
        [
          0.13244280219078064,
          -0.8909482359886169,
          0.43436166644096375,
          -2.4858758449554443
        ]
      ]
    ],
    [
      [
        [
          0.9998388290405273,
          0.017949234694242477,
          -0.00041456837789155543,
          -1.8336129843819706e-16
        ],
        [
          4.7578987505403347e-07,
          -0.023117046803236008,
          -0.9997327327728271,
          0.5306564569473267
        ],
        [
          -0.017954021692276,
          0.9995716214179993,
          -0.023113330826163292,
          -1.192798137664795
        ]
      ],
      [
        [
          0.9877808094024658,
          0.14008782804012299,
          -0.06829690933227539,
          2.1242580465512988e-15
        ],
        [
          2.2967610391333437e-07,
          0.43822216987609863,
          0.8988667130470276,
          1.1363269090652466
        ],
        [
          0.15584950149059296,
          -0.8878832459449768,
          0.4328674077987671,
          -2.463111639022827
        ]
      ]
    ],
    [
      [
        [
          0.9997844099998474,
          0.02075907029211521,
          -0.00047954099136404693,
          -7.23389959756814e-17
        ],
        [
          4.756410874051653e-07,
          -0.023117046803236008,
          -0.9997327327728271,
          0.5306564569473267
        ],
        [
          -0.020764607936143875,
          0.9995172023773193,
          -0.02311207354068756,
          -1.1679749488830566
        ]
      ],
      [
        [
          0.983634352684021,
          0.16195429861545563,
          -0.07895741611719131,
          2.1242580465512988e-15
        ],
        [
          2.335761308813744e-07,
          0.43822216987609863,
          0.8988667130470276,
          1.1363269090652466
        ],
        [
          0.18017619848251343,
          -0.8841561079025269,
          0.4310503602027893,
          -2.438288450241089
        ]
      ]
    ],
    [
      [
        [
          0.9997199773788452,
          0.023656481876969337,
          -0.0005465386202558875,
          -2.943836009007127e-16
        ],
        [
          4.755418956392532e-07,
          -0.02311704494059086,
          -0.9997327327728271,
          0.5306564569473267
        ],
        [
          -0.02366279438138008,
          0.9994527697563171,
          -0.023110583424568176,
          -1.1411117315292358
        ]
      ],
      [
        [
          0.9787251353263855,
          0.18442568182945251,
          -0.08991283178329468,
          2.1242580465512988e-15
        ],
        [
          2.3361683076927875e-07,
          0.43822216987609863,
          0.8988666534423828,
          1.1363269090652466
        ],
        [
          0.20517589151859283,
          -0.8797433972358704,
          0.42889901995658875,
          -2.4114253520965576
        ]
      ]
    ],
    [
      [
        [
          0.9996455311775208,
          0.026616357266902924,
          -0.0006149806431494653,
          -7.23389959756814e-17
        ],
        [
          4.75376992881138e-07,
          -0.02311704307794571,
          -0.9997327327728271,
          0.5306564569473267
        ],
        [
          -0.02662345953285694,
          0.9993783831596375,
          -0.023108862340450287,
          -1.1122275590896606
        ]
      ],
      [
        [
          0.9730486273765564,
          0.20727862417697906,
          -0.10105426609516144,
          2.1242580465512988e-15
        ],
        [
          2.335116278118221e-07,
          0.43822216987609863,
          0.8988667130470276,
          1.1363269090652466
        ],
        [
          0.23060007393360138,
          -0.8746410012245178,
          0.4264114499092102,
          -2.3825411796569824
        ]
      ]
    ],
    [
      [
        [
          0.9995611906051636,
          0.029613593593239784,
          -0.0006842865841463208,
          -7.23389959756814e-17
        ],
        [
          4.751475159991969e-07,
          -0.02311704307794571,
          -0.9997327327728271,
          0.5306564569473267
        ],
        [
          -0.02962149865925312,
          0.9992940425872803,
          -0.023106912150979042,
          -1.08134126663208
        ]
      ],
      [
        [
          0.9666236042976379,
          0.23029030859470367,
          -0.11227309703826904,
          3.9006146741933125e-15
        ],
        [
          2.407043382390839e-07,
          0.43822216987609863,
          0.8988666534423828,
          1.1363269090652466
        ],
        [
          0.2562008500099182,
          -0.8688656687736511,
          0.4235958456993103,
          -2.3516547679901123
        ]
      ]
    ],
    [
      [
        [
          0.9994674324989319,
          0.03262307494878769,
          -0.0007538756472058594,
          1.497056089493499e-16
        ],
        [
          4.75029452218223e-07,
          -0.02311704121530056,
          -0.9997327327728271,
          0.5306564569473267
        ],
        [
          -0.032631780952215195,
          0.9992002844810486,
          -0.023104744032025337,
          -1.0484719276428223
        ]
      ],
      [
        [
          0.9594927430152893,
          0.2532407343387604,
          -0.12346206605434418,
          3.9006146741933125e-15
        ],
        [
          2.40292223452343e-07,
          0.438222199678421,
          0.8988667130470276,
          1.1363269090652466
        ],
        [
          0.2817334532737732,
          -0.8624559640884399,
          0.4204709529876709,
          -2.3187854290008545
        ]
      ]
    ],
    [
      [
        [
          0.9993650913238525,
          0.035619717091321945,
          -0.0008231678511947393,
          -7.23389959756814e-17
        ],
        [
          4.748496564843663e-07,
          -0.02311703935265541,
          -0.9997327327728271,
          0.5306564569473267
        ],
        [
          -0.03562922403216362,
          0.9990979433059692,
          -0.023102378472685814,
          -1.0136383771896362
        ]
      ],
      [
        [
          0.9517228007316589,
          0.2759147882461548,
          -0.13451629877090454,
          3.9006146741933125e-15
        ],
        [
          2.471802815762203e-07,
          0.438222199678421,
          0.8988667130470276,
          1.1363269090652466
        ],
        [
          0.3069586157798767,
          -0.8554719090461731,
          0.4170660078525543,
          -2.283951997756958
        ]
      ]
    ],
    [
      [
        [
          0.9992551803588867,
          0.038578446954488754,
          -0.0008915833896026015,
          -2.943836009007127e-16
        ],
        [
          4.7460966356993595e-07,
          -0.02311703749001026,
          -0.9997327327728271,
          0.5306564569473267
        ],
        [
          -0.038588747382164,
          0.9989880919456482,
          -0.023099837824702263,
          -0.9768598675727844
        ]
      ],
      [
        [
          0.9434042572975159,
          0.29810452461242676,
          -0.1453344225883484,
          3.9006146741933125e-15
        ],
        [
          2.762789677035471e-07,
          0.4382222294807434,
          0.8988667130470276,
          1.1363269090652466
        ],
        [
          0.3316449820995331,
          -0.8479946255683899,
          0.4134206473827362,
          -2.247173309326172
        ]
      ]
    ],
    [
      [
        [
          0.999139130115509,
          0.04147420451045036,
          -0.0009585427469573915,
          1.497056089493499e-16
        ],
        [
          4.744859438687854e-07,
          -0.023117035627365112,
          -0.9997327327728271,
          0.5306564569473267
        ],
        [
          -0.04148527607321739,
          0.9988720417022705,
          -0.02309715375304222,
          -0.9381551742553711
        ]
      ],
      [
        [
          0.9346493482589722,
          0.3196105360984802,
          -0.15581917762756348,
          3.9006146741933125e-15
        ],
        [
          2.4564624823142367e-07,
          0.4382222294807434,
          0.8988667130470276,
          1.1363269090652466
        ],
        [
          0.3555706739425659,
          -0.8401252031326294,
          0.40958407521247864,
          -2.2084686756134033
        ]
      ]
    ],
    [
      [
        [
          0.9990185499191284,
          0.04428192973136902,
          -0.0010234668152406812,
          -2.943836009007127e-16
        ],
        [
          4.740728627439239e-07,
          -0.023117035627365112,
          -0.9997327327728271,
          0.5306564569473267
        ],
        [
          -0.04429375380277634,
          0.9987515211105347,
          -0.02309436723589897,
          -0.89754319190979
        ]
      ],
      [
        [
          0.9255908131599426,
          0.3402438759803772,
          -0.16587848961353302,
          7.453328352993813e-15
        ],
        [
          2.4470833182022034e-07,
          0.438222199678421,
          0.8988666534423828,
          1.1363270282745361
        ],
        [
          0.3785254955291748,
          -0.8319827318191528,
          0.4056144058704376,
          -2.1678566932678223
        ]
      ]
    ],
    [
      [
        [
          0.9988954067230225,
          0.04697661101818085,
          -0.0010857764864340425,
          -2.943836009007127e-16
        ],
        [
          4.7412919457201497e-07,
          -0.023117033764719963,
          -0.9997327327728271,
          0.5306564569473267
        ],
        [
          -0.04698915779590607,
          0.9986284375190735,
          -0.023091521114110947,
          -0.8550432324409485
        ]
      ],
      [
        [
          0.9163789749145508,
          0.35982680320739746,
          -0.17542573809623718,
          7.453328352993813e-15
        ],
        [
          2.7348880848876433e-07,
          0.4382222592830658,
          0.8988667130470276,
          1.1363269090652466
        ],
        [
          0.40031176805496216,
          -0.8237025737762451,
          0.40157756209373474,
          -2.125356674194336
        ]
      ]
    ],
    [
      [
        [
          0.9987718462944031,
          0.04953324422240257,
          -0.0011448942823335528,
          1.497056089493499e-16
        ],
        [
          4.739585222068854e-07,
          -0.023117033764719963,
          -0.9997327327728271,
          0.5306564569473267
        ],
        [
          -0.04954647272825241,
          0.9985049366950989,
          -0.023088663816452026,
          -0.8106738924980164
        ]
      ],
      [
        [
          0.907179057598114,
          0.3781932592391968,
          -0.18437986075878143,
          7.453328352993813e-15
        ],
        [
          2.5750921395228943e-07,
          0.4382222294807434,
          0.8988667130470276,
          1.1363269090652466
        ],
        [
          0.4207446575164795,
          -0.8154330849647522,
          0.3975459635257721,
          -2.0809874534606934
        ]
      ]
    ],
    [
      [
        [
          0.9986501932144165,
          0.05192684009671211,
          -0.001200241968035698,
          1.497056089493499e-16
        ],
        [
          4.7379583634210576e-07,
          -0.023117031902074814,
          -0.9997327327728271,
          0.5306564569473267
        ],
        [
          -0.051940709352493286,
          0.9983832836151123,
          -0.023085851222276688,
          -0.7644543647766113
        ]
      ],
      [
        [
          0.8981680274009705,
          0.3951887786388397,
          -0.19266560673713684,
          7.453328352993813e-15
        ],
        [
          2.1170106379031495e-07,
          0.4382222294807434,
          0.8988666534423828,
          1.1363269090652466
        ],
        [
          0.43965235352516174,
          -0.8073332905769348,
          0.3935970962047577,
          -2.0347678661346436
        ]
      ]
    ],
    [
      [
        [
          0.9985329508781433,
          0.05413244292140007,
          -0.0012512428220361471,
          1.497056089493499e-16
        ],
        [
          4.736435244012682e-07,
          -0.023117030039429665,
          -0.9997327327728271,
          0.5306564569473267
        ],
        [
          -0.0541469007730484,
          0.9982661604881287,
          -0.023083142936229706,
          -0.716403603553772
        ]
      ],
      [
        [
          0.8895313143730164,
          0.41066882014274597,
          -0.20021258294582367,
          7.453328352993813e-15
        ],
        [
          2.4040525659074774e-07,
          0.4382222294807434,
          0.8988666534423828,
          1.1363269090652466
        ],
        [
          0.4568741023540497,
          -0.7995700240135193,
          0.38981232047080994,
          -1.9867171049118042
        ]
      ]
    ],
    [
      [
        [
          0.9984229207038879,
          0.05612509697675705,
          -0.0012973194243386388,
          -2.943836009007127e-16
        ],
        [
          4.735039453862555e-07,
          -0.023117028176784515,
          -0.9997327327728271,
          0.5306565165519714
        ],
        [
          -0.05614008381962776,
          0.9981560707092285,
          -0.023080598562955856,
          -0.6665405035018921
        ]
      ],
      [
        [
          0.8814592361450195,
          0.4244987368583679,
          -0.20695507526397705,
          7.453328352993813e-15
        ],
        [
          2.6915023454421316e-07,
          0.4382222592830658,
          0.8988666534423828,
          1.1363270282745361
        ],
        [
          0.4722600281238556,
          -0.792314350605011,
          0.38627496361732483,
          -1.9368540048599243
        ]
      ]
    ],
    [
      [
        [
          0.9983226656913757,
          0.05787988007068634,
          -0.001337895868346095,
          -2.943836009007127e-16
        ],
        [
          4.733794298772409e-07,
          -0.023117028176784515,
          -0.9997327327728271,
          0.5306565165519714
        ],
        [
          -0.05789533630013466,
          0.9980558753013611,
          -0.023078281432390213,
          -0.6148841977119446
        ]
      ],
      [
        [
          0.8741436004638672,
          0.4365502595901489,
          -0.21283046901226044,
          7.453328352993813e-15
        ],
        [
          2.2346500827552518e-07,
          0.4382222294807434,
          0.8988667130470276,
          1.1363270282745361
        ],
        [
          0.48566749691963196,
          -0.7857385277748108,
          0.38306909799575806,
          -1.8851977586746216
        ]
      ]
    ],
    [
      [
        [
          0.9982349872589111,
          0.05937184765934944,
          -0.001372394966892898,
          -2.943836009007127e-16
        ],
        [
          4.73272393719526e-07,
          -0.023117026314139366,
          -0.9997327327728271,
          0.5306565165519714
        ],
        [
          -0.059387702494859695,
          0.9979681968688965,
          -0.0230762530118227,
          -0.5614534020423889
        ]
      ],
      [
        [
          0.8677743077278137,
          0.4466993510723114,
          -0.21777848899364471,
          7.453328352993813e-15
        ],
        [
          2.6729705382422253e-07,
          0.4382222592830658,
          0.898866593837738,
          1.1363270282745361
        ],
        [
          0.49695849418640137,
          -0.780013382434845,
          0.3802779018878937,
          -1.831766963005066
        ]
      ]
    ],
    [
      [
        [
          0.9981626272201538,
          0.06057604029774666,
          -0.0014002399984747171,
          -2.943836009007127e-16
        ],
        [
          4.7306883743658545e-07,
          -0.023117026314139366,
          -0.9997327327728271,
          0.5306565165519714
        ],
        [
          -0.06059221923351288,
          0.9978958368301392,
          -0.02307458035647869,
          -0.5062674283981323
        ]
      ],
      [
        [
          0.8625356554985046,
          0.4548230469226837,
          -0.2217390388250351,
          7.453328352993813e-15
        ],
        [
          2.963717804504995e-07,
          0.4382222890853882,
          0.8988666534423828,
          1.1363270282745361
        ],
        [
          0.5059962272644043,
          -0.7753045558929443,
          0.3779821991920471,
          -1.776581048965454
        ]
      ]
    ],
    [
      [
        [
          0.9981080889701843,
          0.06146755442023277,
          -0.001420854590833187,
          -2.943836009007127e-16
        ],
        [
          4.7312025230894506e-07,
          -0.023117026314139366,
          -0.9997327327728271,
          0.5306565165519714
        ],
        [
          -0.061483971774578094,
          0.9978412985801697,
          -0.023073319345712662,
          -0.44934502243995667
        ]
      ],
      [
        [
          0.8586028218269348,
          0.46079620718955994,
          -0.22465108335018158,
          1.4558756557627762e-14
        ],
        [
          2.5111592094617663e-07,
          0.4382222592830658,
          0.8988666534423828,
          1.1363270282745361
        ],
        [
          0.512641429901123,
          -0.7717694640159607,
          0.3762587606906891,
          -1.719658613204956
        ]
      ]
    ],
    [
      [
        [
          0.9980738162994385,
          0.0620214119553566,
          -0.00143366155680269,
          -2.943836009007127e-16
        ],
        [
          4.7319613827312423e-07,
          -0.023117026314139366,
          -0.9997327327728271,
          0.5306565165519714
        ],
        [
          -0.06203797832131386,
          0.9978070855140686,
          -0.02307252772152424,
          -0.3907051682472229
        ]
      ],
      [
        [
          0.8561383485794067,
          0.464486300945282,
          -0.2264501303434372,
          1.4558756557627762e-14
        ],
        [
          2.805695373808703e-07,
          0.4382222592830658,
          0.8988667130470276,
          1.1363270282745361
        ],
        [
          0.5167466998100281,
          -0.7695541977882385,
          0.3751787841320038,
          -1.6610186100006104
        ]
      ]
    ],
    [
      [
        [
          0.9980618953704834,
          0.06221263110637665,
          -0.0014380841748788953,
          -2.943836009007127e-16
        ],
        [
          4.7399700520145416e-07,
          -0.023117057979106903,
          -0.9997327327728271,
          0.5306565165519714
        ],
        [
          -0.06222924962639809,
          0.9977951645851135,
          -0.02307228371500969,
          -0.33036690950393677
        ]
      ],
      [
        [
          0.8552879095077515,
          0.46575042605400085,
          -0.22706635296344757,
          1.4558756557627762e-14
        ],
        [
          2.804487451157911e-07,
          0.43822214007377625,
          0.8988667130470276,
          1.1363270282745361
        ],
        [
          0.5181530117988586,
          -0.7687898278236389,
          0.3748059868812561,
          -1.6006804704666138
        ]
      ]
    ],
    [
      [
        [
          0.9980719685554504,
          0.062051042914390564,
          -0.001434347708709538,
          5.937948187994125e-16
        ],
        [
          4.7400888547599607e-07,
          -0.023117057979106903,
          -0.9997327327728271,
          0.5306565165519714
        ],
        [
          -0.06206761673092842,
          0.9978052377700806,
          -0.023072514683008194,
          -0.26834917068481445
        ]
      ],
      [
        [
          0.8557504415512085,
          0.46506351232528687,
          -0.22673146426677704,
          1.4558756557627762e-14
        ],
        [
          2.6561332333585597e-07,
          0.43822216987609863,
          0.8988667130470276,
          1.1363270282745361
        ],
        [
          0.5173888802528381,
          -0.7692055702209473,
          0.3750087022781372,
          -1.5386627912521362
        ]
      ]
    ],
    [
      [
        [
          0.9981017112731934,
          0.061570920050144196,
          -0.0014232456451281905,
          -2.943836009007127e-16
        ],
        [
          4.74160430030679e-07,
          -0.023117057979106903,
          -0.9997327327728271,
          0.5306565165519714
        ],
        [
          -0.061587367206811905,
          0.9978349804878235,
          -0.02307320199906826,
          -0.20467118918895721
        ]
      ],
      [
        [
          0.8571124076843262,
          0.463032603263855,
          -0.22574131190776825,
          1.4558756557627762e-14
        ],
        [
          2.509052592358785e-07,
          0.43822216987609863,
          0.8988666534423828,
          1.1363269090652466
        ],
        [
          0.5151293873786926,
          -0.7704298496246338,
          0.3756055533885956,
          -1.4749847650527954
        ]
      ]
    ],
    [
      [
        [
          0.9981499314308167,
          0.06078406050801277,
          -0.0014050508616492152,
          5.937948187994125e-16
        ],
        [
          4.7410142656190146e-07,
          -0.023117057979106903,
          -0.9997327327728271,
          0.5306565165519714
        ],
        [
          -0.06080029532313347,
          0.997883141040802,
          -0.02307431772351265,
          -0.13935156166553497
        ]
      ],
      [
        [
          0.8593307137489319,
          0.4596986174583435,
          -0.22411592304706573,
          1.4558756557627762e-14
        ],
        [
          2.8102087412662513e-07,
          0.43822214007377625,
          0.8988667130470276,
          1.1363270282745361
        ],
        [
          0.5114203095436096,
          -0.7724238038063049,
          0.3765776455402374,
          -1.4096652269363403
        ]
      ]
    ],
    [
      [
        [
          0.9982152581214905,
          0.05970213934779167,
          -0.0013800333254039288,
          2.370151711139222e-15
        ],
        [
          4.741798704799294e-07,
          -0.023117057979106903,
          -0.9997327327728271,
          0.5306565165519714
        ],
        [
          -0.05971808731555939,
          0.9979484677314758,
          -0.023075828328728676,
          -0.07240920513868332
        ]
      ],
      [
        [
          0.862356424331665,
          0.45509764552116394,
          -0.22187282145023346,
          1.4558756557627762e-14
        ],
        [
          2.6654439011508657e-07,
          0.43822216987609863,
          0.8988667130470276,
          1.1363271474838257
        ],
        [
          0.5063016414642334,
          -0.7751434445381165,
          0.3779035806655884,
          -1.342722773551941
        ]
      ]
    ],
    [
      [
        [
          0.9982960224151611,
          0.05833682417869568,
          -0.001348462887108326,
          5.937948187994125e-16
        ],
        [
          4.7404523684235755e-07,
          -0.023117059841752052,
          -0.9997327327728271,
          0.5306565165519714
        ],
        [
          -0.058352407068014145,
          0.9980292916297913,
          -0.023077696561813354,
          -0.0038635949604213238
        ]
      ],
      [
        [
          0.8661354780197144,
          0.449261873960495,
          -0.21902769804000854,
          1.4558756557627762e-14
        ],
        [
          2.521693147627957e-07,
          0.43822214007377625,
          0.8988666534423828,
          1.1363271474838257
        ],
        [
          0.4998093247413635,
          -0.778540313243866,
          0.37955963611602783,
          -1.274177074432373
        ]
      ]
    ],
    [
      [
        [
          0.9983904361724854,
          0.056699834764003754,
          -0.0013106102123856544,
          1.481973291439097e-15
        ],
        [
          4.74278238016268e-07,
          -0.023117059841752052,
          -0.9997327327728271,
          0.5306565165519714
        ],
        [
          -0.056714978069067,
          0.9981235861778259,
          -0.023079879581928253,
          0.06626667827367783
        ]
      ],
      [
        [
          0.8706092834472656,
          0.44221991300582886,
          -0.2155945748090744,
          1.4558756557627762e-14
        ],
        [
          2.825879334977799e-07,
          0.43822214007377625,
          0.8988667130470276,
          1.1363271474838257
        ],
        [
          0.4919750392436981,
          -0.782561719417572,
          0.38152015209198,
          -1.2040468454360962
        ]
      ]
    ],
    [
      [
        [
          0.998496413230896,
          0.05480283498764038,
          -0.001266745268367231,
          -2.943836009007127e-16
        ],
        [
          4.744117063637532e-07,
          -0.0231170617043972,
          -0.9997327327728271,
          0.5306565165519714
        ],
        [
          -0.05481747165322304,
          0.9982295632362366,
          -0.023082327097654343,
          0.13796240091323853
        ]
      ],
      [
        [
          0.8757149577140808,
          0.43399831652641296,
          -0.21158629655838013,
          1.4558756557627762e-14
        ],
        [
          2.385788206993311e-07,
          0.43822214007377625,
          0.8988667130470276,
          1.1363271474838257
        ],
        [
          0.48282840847969055,
          -0.787151038646698,
          0.3837575912475586,
          -1.132351040840149
        ]
      ]
    ],
    [
      [
        [
          0.9986118674278259,
          0.05265749245882034,
          -0.0012171379057690501,
          -2.943836009007127e-16
        ],
        [
          4.7444410711250384e-07,
          -0.02311706356704235,
          -0.9997327327728271,
          0.5306565165519714
        ],
        [
          -0.05267155542969704,
          0.9983450174331665,
          -0.02308499813079834,
          0.2112051099538803
        ]
      ],
      [
        [
          0.8813859224319458,
          0.4246218204498291,
          -0.2070150077342987,
          1.4558756557627762e-14
        ],
        [
          2.542393531257403e-07,
          0.43822211027145386,
          0.8988666534423828,
          1.1363271474838257
        ],
        [
          0.47239693999290466,
          -0.7922484874725342,
          0.38624271750450134,
          -1.0591086149215698
        ]
      ]
    ],
    [
      [
        [
          0.998734712600708,
          0.050275467336177826,
          -0.0011620578588917851,
          -2.943836009007127e-16
        ],
        [
          4.744904344988754e-07,
          -0.02311706356704235,
          -0.9997327327728271,
          0.5306565165519714
        ],
        [
          -0.05028889328241348,
          0.9984678030014038,
          -0.023087838664650917,
          0.2859750986099243
        ]
      ],
      [
        [
          0.8875520825386047,
          0.41411441564559937,
          -0.20189236104488373,
          1.4558756557627762e-14
        ],
        [
          2.550498265918577e-07,
          0.43822214007377625,
          0.8988667130470276,
          1.1363272666931152
        ],
        [
          0.46070730686187744,
          -0.7977910041809082,
          0.3889448642730713,
          -0.9843385219573975
        ]
      ]
    ],
    [
      [
        [
          0.998862624168396,
          0.0476684644818306,
          -0.0011017753276973963,
          -2.943836009007127e-16
        ],
        [
          4.7466537012041954e-07,
          -0.0231170654296875,
          -0.9997327327728271,
          0.5306565165519714
        ],
        [
          -0.04768119379878044,
          0.998595654964447,
          -0.023090794682502747,
          0.3622537851333618
        ]
      ],
      [
        [
          0.8941405415534973,
          0.4025002717971802,
          -0.19623015820980072,
          1.4558756557627762e-14
        ],
        [
          2.5589699248484976e-07,
          0.43822214007377625,
          0.8988667130470276,
          1.1363271474838257
        ],
        [
          0.44778650999069214,
          -0.8037130832672119,
          0.3918320834636688,
          -0.9080598950386047
        ]
      ]
    ],
    [
      [
        [
          0.9989932775497437,
          0.04484817385673523,
          -0.0010365607449784875,
          -2.943836009007127e-16
        ],
        [
          4.7496743604824587e-07,
          -0.0231170654296875,
          -0.9997327327728271,
          0.5306565165519714
        ],
        [
          -0.044860146939754486,
          0.9987263083457947,
          -0.02309381403028965,
          0.4400220811367035
        ]
      ],
      [
        [
          0.9010756611824036,
          0.3898041546344757,
          -0.19004042446613312,
          2.876960957876387e-14
