{
    "P": [
        [
            [
                [
                    1.0,
                    0.0,
                    4.7683710135970614e-07,
                    -2.943836009007127e-16
                ],
                [
                    4.7670971525803907e-07,
                    -0.023117056116461754,
                    -0.9997327327728271,
                    0.5306564569473267
                ],
                [
                    1.1023070456417372e-08,
                    0.9997327327728271,
                    -0.023117056116461754,
                    -1.3257858753204346
                ]
            ],
            [
                [
                    1.0,
                    0.0,
                    -2.3841855067985307e-07,
                    3.4790112774170953e-16
                ],
                [
                    2.1430648189380008e-07,
                    0.43822214007377625,
                    0.8988667130470276,
                    1.1363269090652466
                ],
                [
                    1.0448028575638091e-07,
                    -0.8988666534423828,
                    0.43822214007377625,
                    -2.596099376678467
                ]
            ]
        ],
        [
            [
                [
                    1.0,
                    0.0,
                    4.7683710135970614e-07,
                    -2.943836009007127e-16
                ],
                [
                    4.7670971525803907e-07,
                    -0.023117056116461754,
                    -0.9997327327728271,
                    0.5306564569473267
                ],
                [
                    1.1023070456417372e-08,
                    0.9997327327728271,
                    -0.023117056116461754,
                    -1.3257858753204346
                ]
            ],
            [
                [
                    1.0,
                    0.0,
                    -2.3841855067985307e-07,
                    3.4790112774170953e-16
                ],
                [
                    2.1430648189380008e-07,
                    0.43822214007377625,
                    0.8988667130470276,
                    1.1363269090652466
                ],
                [
                    1.0448028575638091e-07,
                    -0.8988666534423828,
                    0.43822214007377625,
                    -2.596099376678467
                ]
            ]
        ],
        [
            [
                [
                    1.0,
                    0.00013308948109624907,
                    -2.6006282666912737e-06,
                    -2.937764476841208e-16
                ],
                [
                    4.7670390586063154e-07,
                    -0.023117056116461754,
                    -0.9997327327728271,
                    0.5306564569473267
                ],
                [
                    -0.00013311403381681685,
                    0.9997327327728271,
                    -0.023117056116461754,
                    -1.3249943852424622
                ]
            ],
            [
                [
                    0.9999990403652191,
                    0.0010341071989387273,
                    -0.000504394073496428,
                    3.5761557920717964e-16
                ],
                [
                    2.1439731341388323e-07,
                    0.43822214007377625,
                    0.8988667130470276,
                    1.1363269090652466
                ],
                [
                    0.0011505610826013422,
                    -0.898865818977356,
                    0.4382217228412628,
                    -2.595307970046997
                ]
            ]
        ],
        [
            [
                [
                    0.9999998360872269,
                    0.0004946465727698522,
                    -1.09610152321693e-05,
                    -2.9208509229504346e-16
                ],
                [
                    4.7668601865780147e-07,
                    -0.02311705509200692,
                    -0.9997327327728271,
                    0.5306564569473267
                ],
                [
                    -0.0004947677603922783,
                    0.999732568860054,
                    -0.023117053043097257,
                    -1.3227964699268342
                ]
            ],
            [
                [
                    0.9999880075454712,
                    0.003844416188076138,
                    -0.0018744969216641036,
                    3.846772654324178e-16
                ],
                [
                    2.147731720469892e-07,
                    0.4382221564650536,
                    0.8988667130470276,
                    1.1363269090652466
                ],
                [
                    0.0042770636733621345,
                    -0.8988558888435364,
                    0.4382168725132942,
                    -2.5931100249290466
                ]
            ]
        ],
        [
            [
                [
                    0.9999992966651916,
                    0.0011006561457179485,
                    -2.4973945255624126e-05,
                    -2.8952637516797763e-16
                ],
                [
                    4.7665761826465314e-07,
                    -0.023117054998874665,
                    -0.9997327327728271,
                    0.5306564569473267
                ],
                [
                    -0.0011009392910636961,
                    0.9997320294380188,
                    -0.02311704009771347,
                    -1.3190320491790772
                ]
            ],
            [
                [
                    0.9999475359916687,
                    0.00855729067698121,
                    -0.00417215283960104,
                    4.2561672887755866e-16
                ],
                [
                    2.153633005264055e-07,
                    0.4382221579551697,
                    0.8988667130470276,
                    1.1363269090652466
                ],
                [
                    0.009520193189382553,
                    -0.8988194704055785,
                    0.4381991267204285,
                    -2.5893455028533934
                ]
            ]
        ],
        [
            [
                [
                    0.9999980032444,
                    0.0019373307877685875,
                    -4.43206054114853e-05,
                    -2.8570998352082867e-16
                ],
                [
                    4.7662314273111406e-07,
                    -0.023117055650800467,
                    -0.9997327327728271,
                    0.5306564569473267
                ],
                [
                    -0.0019378375145606697,
                    0.9997307360172272,
                    -0.023117009084671736,
                    -1.313711553812027
                ]
            ],
            [
                [
                    0.999849259853363,
                    0.015068540116772056,
                    -0.007346566068008542,
                    4.866789793500745e-16
                ],
                [
                    2.1617110590455013e-07,
                    0.43822214752435684,
                    0.8988667130470276,
                    1.1363269090652466
                ],
                [
                    0.016764036612585187,
                    -0.8987311273813248,
                    0.4381560608744621,
                    -2.584024965763092
                ]
            ]
        ],
        [
            [
                [
                    0.9999954104423523,
                    0.0029908830532804124,
                    -6.868218551971949e-05,
                    -2.818935918736797e-16
                ],
                [
                    4.76581129760234e-07,
                    -0.023117054253816605,
                    -0.9997327327728271,
                    0.5306564569473267
                ],
                [
                    -0.0029916713247075673,
                    0.9997281432151794,
                    -0.02311695050448179,
                    -1.3068453550338746
                ]
            ],
            [
                [
                    0.9996571600437164,
                    0.02327435370534658,
                    -0.011347125750035046,
                    5.921501666894643e-16
                ],
                [
                    2.1722746765817649e-07,
                    0.4382221668958664,
                    0.8988667130470276,
                    1.1363269090652466
                ],
                [
                    0.02589310351759195,
                    -0.8985585212707519,
                    0.4380718678236008,
                    -2.577158856391907
                ]
            ]
        ],
        [
            [
                [
                    0.999990850687027,
                    0.004260687634814531,
                    -9.804425026231913e-05,
                    -2.93689711510322e-16
                ],
                [
                    4.7649870111854397e-07,
                    -0.023117054253816605,
                    -0.9997327327728271,
                    0.5306564569473267
                ],
                [
                    -0.0042618155130185196,
                    0.9997235834598541,
                    -0.023116844426840543,
                    -1.2983352303504943
                ]
            ],
            [
                [
                    0.999314722418785,
                    0.03317425539717078,
                    -0.016173599055036902,
                    7.80888080875741e-16
                ],
                [
                    2.1763551600884056e-07,
                    0.43822214156389233,
                    0.8988667130470276,
                    1.1363269090652466
                ],
                [
                    0.03690686160698533,
                    -0.8982506871223449,
                    0.4379218265414238,
                    -2.5686487317085267
                ]
            ]
        ],
        [
            [
                [
                    0.9999832391738892,
                    0.005741102807223797,
                    -0.0001322763055213727,
                    -2.7217914040820956e-16
                ],
                [
                    4.7642304821238215e-07,
                    -0.023117054253816605,
                    -0.9997327327728271,
                    0.5306564569473267
                ],
                [
                    -0.005742626171559096,
                    0.9997160196304321,
                    -0.023116669803857806,
                    -1.288086938858032
                ]
            ],
            [
                [
                    0.9987424969673157,
                    0.04472839012742043,
                    -0.021806558221578596,
                    7.919903111219925e-16
                ],
                [
                    2.1956487614716024e-07,
                    0.43822214007377625,
                    0.8988667130470276,
                    1.1363269090652466
                ],
                [
                    0.04976097717881202,
                    -0.8977362871170044,
                    0.43767107725143434,
                    -2.5584004402160647
                ]
            ]
        ],
        [
            [
                [
                    0.9999722212553024,
                    0.007389501878060398,
                    -0.0001703926762274932,
                    -2.8466914943524255e-16
                ],
                [
                    4.763726479950492e-07,
                    -0.02311705304309726,
                    -0.9997327327728271,
                    0.5306564569473267
                ],
                [
                    -0.007391465688124299,
                    0.9997049748897553,
                    -0.023116414621472358,
                    -1.2763299167156221
                ]
            ],
            [
                [
                    0.9979100465774535,
                    0.057603609934449185,
                    -0.02808358203619718,
                    1.080648297524533e-15
                ],
                [
                    2.203851202864371e-07,
                    0.4382221594452858,
                    0.8988667130470276,
                    1.1363269090652466
                ],
                [
                    0.06408481076359748,
                    -0.8969880640506744,
                    0.43730628937482835,
                    -2.5466434955596924
                ]
            ]
        ],
        [
            [
                [
                    0.9999571144580841,
                    0.009192086290568113,
                    -0.00021207434474490583,
                    -2.666280252850838e-16
                ],
                [
                    4.7628736865590326e-07,
                    -0.02311705145984888,
                    -0.9997327327728271,
                    0.5306564569473267
                ],
                [
                    -0.009194531943649054,
                    0.9996898770332336,
                    -0.023116065189242363,
                    -1.2630746960639954
                ]
            ],
            [
                [
                    0.9967677891254425,
                    0.07169072702527046,
                    -0.03495144098997116,
                    1.2360795209720552e-15
                ],
                [
                    2.245506678377751e-07,
                    0.43822215497493744,
                    0.89886674284935,
                    1.1363269090652466
                ],
                [
                    0.07975689694285393,
                    -0.8959613144397736,
                    0.43680572509765625,
                    -2.5333882570266724
                ]
            ]
        ],
        [
            [
                [
                    0.9999373137950898,
                    0.011135056568309664,
                    -0.0002570021963038016,
                    -2.583013526003951e-16
                ],
                [
                    4.7618351715073006e-07,
                    -0.023117050528526306,
                    -0.9997327327728271,
                    0.5306564569473267
                ],
                [
                    -0.011138021387159823,
                    0.9996700644493104,
                    -0.023115606885403393,
                    -1.2483317494392394
                ]
            ],
            [
                [
                    0.9952679634094239,
                    0.08687849044799803,
                    -0.042355893552303306,
                    1.2360795209720552e-15
                ],
                [
                    2.273892555137991e-07,
                    0.4382221505045891,
                    0.8988667517900466,
                    1.1363269090652466
                ],
                [
                    0.09665346667170524,
                    -0.8946131289005279,
                    0.43614845871925356,
                    -2.5186452507972716
                ]
            ]
        ],
        [
            [
                [
                    0.9999122500419617,
                    0.013204611651599404,
                    -0.0003048570826649665,
                    -2.943836009007127e-16
                ],
                [
                    4.76090536949414e-07,
                    -0.023117050155997278,
                    -0.9997327327728271,
                    0.5306564569473267
                ],
                [
                    -0.013208129256963727,
                    0.9996449470520019,
                    -0.02311502620577812,
                    -1.2321114778518676
                ]
            ],
            [
                [
                    0.9933657169342042,
                    0.10305352360010146,
                    -0.050241664052009576,
                    1.4137152260879032e-15
                ],
                [
                    2.2534673007612583e-07,
                    0.4382221639156342,
                    0.8988667011260986,
                    1.1363269090652466
                ],
                [
                    0.11464838385581969,
                    -0.8929032683372498,
                    0.43531484007835386,
                    -2.502424955368042
                ]
            ]
        ],
        [
            [
                [
                    0.9998813539743424,
                    0.015386947290971871,
                    -0.000355319860682357,
                    -2.8883248577758705e-16
                ],
                [
                    4.759775023899237e-07,
                    -0.0231170485727489,
                    -0.9997327327728271,
                    0.5306564569473267
                ],
                [
                    -0.015391048602759834,
                    0.9996141463518143,
                    -0.023114312905818224,
                    -1.2144242465496065
                ]
            ],
            [
                [
                    0.9910201787948609,
                    0.12010030932724473,
                    -0.05855244249105453,
                    2.1242580465512988e-15
                ],
                [
                    2.2585930921081853e-07,
                    0.43822214156389233,
                    0.8988666564226151,
                    1.1363269090652466
                ],
                [
                    0.13361313715577122,
                    -0.890794986486435,
                    0.43428695350885393,
                    -2.4847376346588135
                ]
            ]
        ],
        [
            [
                [
                    0.99984330534935,
                    0.01767952023074031,
                    -0.0004083316918695346,
                    -1.9446352868444858e-16
                ],
                [
                    4.7580962529991667e-07,
                    -0.023117046989500522,
                    -0.9997327327728271,
                    0.5306564569473267
                ],
                [
                    -0.0176842350512743,
                    0.9995760977268219,
                    -0.023113434202969074,
                    -1.1950745701789856
                ]
            ],
            [
                [
                    0.9881217956542969,
                    0.1379838787019253,
                    -0.06727117598056793,
                    2.1242580465512988e-15
                ],
                [
                    2.2927433604991165e-07,
                    0.4382221668958664,
                    0.8988667070865631,
                    1.1363269090652466
                ],
                [
                    0.15350883156061174,
                    -0.8881897449493408,
                    0.43301683366298677,
                    -2.465388059616089
                ]
            ]
        ],
        [
            [
                [
                    0.9997980147600174,
                    0.020056611392647028,
                    -0.00046329783799592406,
                    -1.0009457159131032e-16
                ],
                [
                    4.7567828431738235e-07,
                    -0.023117046803236008,
                    -0.9997327327728271,
                    0.5306564569473267
                ],
                [
                    -0.020061961375176907,
                    0.9995308071374893,
                    -0.023112387862056494,
                    -1.1741807460784912
                ]
            ],
            [
                [
                    0.9846709668636322,
                    0.15648768097162247,
                    -0.07629228942096233,
                    2.1242580465512988e-15
                ],
                [
                    2.326011241393644e-07,
                    0.43822216987609863,
                    0.8988667130470276,
                    1.1363269090652466
                ],
                [
                    0.1740945242345333,
                    -0.8850878924131393,
                    0.43150462210178375,
                    -2.4444942474365234
                ]
            ]
        ],
        [
            [
                [
                    0.999745750427246,
                    0.022497517243027686,
                    -0.0005197395686991512,
                    -2.055657589307001e-16
                ],
                [
                    4.7558157234561804e-07,
                    -0.02311704568564892,
                    -0.9997327327728271,
                    0.5306564569473267
                ],
                [
                    -0.022503519803285597,
                    0.999478542804718,
                    -0.02311117947101593,
                    -1.1518570184707642
                ]
            ],
            [
                [
                    0.9806888222694397,
                    0.17543712854385374,
                    -0.08553066551685333,
                    2.1242580465512988e-15
                ],
                [
                    2.33600550814117e-07,
                    0.43822216987609863,
                    0.8988666772842406,
                    1.1363269090652466
                ],
                [
                    0.19517601430416107,
                    -0.8815084815025329,
                    0.429759556055069,
                    -2.4221705913543703
                ]
            ]
        ],
        [
            [
                [
                    0.9996864765882492,
                    0.02498842580243945,
                    -0.0005773375305579975,
                    -1.9446352868444878e-16
                ],
                [
                    4.7546768939810135e-07,
                    -0.023117044102400543,
                    -0.9997327327728271,
                    0.5306564569473267
                ],
                [
                    -0.024995093699544668,
                    0.9994192957878112,
                    -0.023109808936715125,
                    -1.128113853931427
                ]
            ],
            [
                [
                    0.9761707067489624,
                    0.19470950588583946,
                    -0.0949264772236347,
                    2.1242580465512988e-15
                ],
                [
                    2.3356948943842324e-07,
                    0.43822216987609863,
                    0.8988666802644729,
                    1.1363269090652466
                ],
                [
                    0.21661677360534665,
                    -0.8774473190307617,
                    0.4277796134352684,
                    -2.3984274744987486
                ]
            ]
        ],
        [
            [
                [
                    0.9996202290058136,
                    0.027515528164803977,
                    -0.000635772425448522,
                    -7.23389959756814e-17
                ],
                [
                    4.753081498165557e-07,
                    -0.02311704307794571,
                    -0.9997327327728271,
                    0.5306564569473267
                ],
                [
                    -0.027522871270775795,
                    0.9993530809879303,
                    -0.02310827728360891,
                    -1.1029616713523864
                ]
            ],
            [
                [
                    0.9711211204528809,
                    0.21418212950229643,
                    -0.1044199153780937,
                    2.657165034843901e-15
                ],
                [
                    2.356694409400006e-07,
                    0.43822216987609863,
                    0.8988666951656341,
                    1.1363269090652466
                ],
                [
                    0.2382803067564964,
                    -0.8729084014892579,
                    0.4255667686462402,
                    -2.3732752561569215
                ]
            ]
        ],
        [
            [
                [
                    0.9995471268892289,
                    0.03006501579657197,
                    -0.0006947249436052515,
                    -3.903230523692702e-17
                ],
                [
                    4.7512980643205084e-07,
                    -0.023117042798548936,
                    -0.9997327327728271,
                    0.5306564569473267
                ],
                [
                    -0.030073041003197427,
                    0.9992799788713456,
                    -0.023106586933135984,
                    -1.0764108657836915
                ]
            ],
            [
                [
                    0.9655539751052856,
                    0.23373287245631214,
                    -0.1139514423906803,
                    3.9006146741933125e-15
                ],
                [
                    2.4064252102107275e-07,
                    0.43822217434644695,
                    0.8988666623830796,
                    1.1363269090652466
                ],
                [
                    0.2600307404994964,
                    -0.8679042130708695,
                    0.42312711179256435,
                    -2.3467243671417237
                ]
            ]
        ],
        [
            [
                [
                    0.9994674324989319,
                    0.03262307494878769,
                    -0.0007538756472058594,
                    1.497056089493499e-16
                ],
                [
                    4.75029452218223e-07,
                    -0.02311704121530056,
                    -0.9997327327728271,
                    0.5306564569473267
                ],
                [
                    -0.032631780952215195,
                    0.9992002844810486,
                    -0.023104744032025337,
                    -1.0484719276428223
                ]
            ],
            [
                [
                    0.9594927430152893,
                    0.2532407343387604,
                    -0.12346206605434418,
                    3.9006146741933125e-15
                ],
                [
                    2.40292223452343e-07,
                    0.438222199678421,
                    0.8988667130470276,
                    1.1363269090652466
                ],
                [
                    0.2817334532737732,
                    -0.8624559640884399,
                    0.4204709529876709,
                    -2.3187854290008545
                ]
            ]
        ],
        [
            [
                [
                    0.9993804425001145,
                    0.0351702207699418,
                    -0.0008127740205964072,
                    -3.9032305236926226e-17
                ],
                [
                    4.7487662584444475e-07,
                    -0.023117039632052184,
                    -0.9997327327728271,
                    0.5306564569473267
                ],
                [
                    -0.03517960757017135,
                    0.9991132944822312,
                    -0.023102733306586742,
                    -1.0188634097576144
                ]
            ],
            [
                [
                    0.9528882920742036,
                    0.27251368016004557,
                    -0.13285816386342048,
                    3.9006146741933125e-15
                ],
                [
                    2.461470728576387e-07,
                    0.438222199678421,
                    0.8988667130470276,
                    1.1363269090652466
                ],
                [
                    0.30317484140396117,
                    -0.8565195173025131,
                    0.4175767496228218,
                    -2.2891770124435427
                ]
            ]
        ],
        [
            [
                [
                    0.9992881536483765,
                    0.03769082799553871,
                    -0.0008710587280802429,
                    -2.2777021942320316e-16
                ],
                [
                    4.74681661444265e-07,
                    -0.023117038048803804,
                    -0.9997327327728271,
                    0.5306564569473267
                ],
                [
                    -0.037700890377163884,
                    0.9990210473537444,
                    -0.02310060001909733,
                    -0.98789342045784
                ]
            ],
            [
                [
                    0.9458998203277589,
                    0.2914476037025452,
                    -0.1420889854431152,
                    3.9006146741933125e-15
                ],
                [
                    2.67549361865349e-07,
                    0.4382222205400467,
                    0.8988667130470276,
                    1.1363269090652466
                ],
                [
                    0.3242390722036362,
                    -0.8502378106117248,
                    0.41451425552368165,
                    -2.258206915855408
                ]
            ]
        ],
        [
            [
                [
                    0.9991913527250289,
                    0.040171113610267636,
                    -0.0009284110361477361,
                    -5.0134535483177955e-17
                ],
                [
                    4.7454161773430313e-07,
                    -0.023117036465555428,
                    -0.9997327327728271,
                    0.5306564569473267
                ],
                [
                    -0.04018183816224337,
                    0.9989242643117905,
                    -0.02309836158528924,
                    -0.955572286248207
                ]
            ],
            [
                [
                    0.9385890573263168,
                    0.3099328309297562,
                    -0.1511010378599167,
                    3.9006146741933125e-15
                ],
                [
                    2.5943097199387915e-07,
                    0.4382222294807434,
                    0.8988667130470276,
                    1.1363269090652466
                ],
                [
                    0.3448041126132012,
                    -0.8436664432287215,
                    0.41131053268909457,
                    -2.2258857607841493
                ]
            ]
        ],
        [
            [
                [
                    0.9990908980369567,
                    0.04259729459881782,
                    -0.0009845123742707072,
                    -2.793007499067451e-17
                ],
                [
                    4.743207114188408e-07,
                    -0.023117035627365112,
                    -0.9997327327728271,
                    0.5306564569473267
                ],
                [
                    -0.04260866716504097,
                    0.9988238334655761,
                    -0.02309603914618492,
                    -0.9219103813171388
                ]
            ],
            [
                [
                    0.9310259342193604,
                    0.327863872051239,
                    -0.15984290242195126,
                    5.321700145713508e-15
                ],
                [
                    2.4527108166694234e-07,
                    0.4382222175598145,
                    0.8988666892051698,
                    1.1363269567489624
                ],
                [
                    0.36475260257720943,
                    -0.8368682146072388,
                    0.40799620747566223,
                    -2.192223882675171
                ]
            ]
        ],
        [
            [
                [
                    0.9989877641201019,
                    0.044955600053071976,
                    -0.0010390442330390215,
                    -2.943836009007127e-16
                ],
                [
                    4.7408694570094667e-07,
                    -0.023117035161703825,
                    -0.9997327327728271,
                    0.5306564569473267
                ],
                [
                    -0.04496760480105877,
                    0.9987207502126694,
                    -0.023093655705451965,
                    -0.8869182020425797
                ]
            ],
            [
                [
                    0.9232878535985947,
                    0.34513960778713226,
                    -0.16826530173420906,
                    7.453328352993813e-15
                ],
                [
                    2.5190345098735634e-07,
                    0.4382222145795822,
                    0.898866668343544,
                    1.1363269984722137
                ],
                [
                    0.38397206366062164,
                    -0.8299126923084259,
                    0.4046051949262619,
                    -2.1572316884994507
                ]
            ]
        ],
        [
            [
                [
                    0.9988830506801605,
                    0.04723227433860302,
                    -0.0010916882660239934,
                    -2.499746799157074e-16
                ],
                [
                    4.74112127335502e-07,
                    -0.023117033764719963,
                    -0.9997327327728271,
                    0.5306564569473267
                ],
                [
                    -0.047244889289140696,
                    0.998616087436676,
                    -0.023091235384345054,
                    -0.8506062984466554
                ]
            ],
            [
                [
                    0.9154589831829071,
                    0.3616634488105773,
                    -0.17632115036249157,
                    7.453328352993813e-15
                ],
                [
                    2.718908490351169e-07,
                    0.43822225630283357,
                    0.8988667130470276,
                    1.1363269090652466
                ],
                [
                    0.40235505700111385,
                    -0.8228756248950959,
                    0.40117440223693845,
                    -2.120919752120972
                ]
            ]
        ],
        [
            [
                [
                    0.9987780243158341,
                    0.04940541256219149,
                    -0.0011419383925385773,
                    1.2750114845684646e-16
                ],
                [
                    4.7396705582514187e-07,
                    -0.023117033764719963,
                    -0.9997327327728271,
                    0.5306564569473267
                ],
                [
                    -0.04941860698163509,
                    0.9985111117362976,
                    -0.02308880668133497,
                    -0.8128923594951629
                ]
            ],
            [
                [
                    0.9076390534639359,
                    0.3772749364376068,
                    -0.1839321546256542,
                    7.453328352993813e-15
                ],
                [
                    2.583081936791132e-07,
                    0.43822223097085955,
                    0.8988667130470276,
                    1.1363269090652466
                ],
                [
                    0.41972301304340365,
                    -0.8158465594053269,
                    0.39774754345417024,
                    -2.0832059144973756
                ]
            ]
        ],
        [
            [
                [
                    0.9986745238304138,
                    0.05144812092185021,
                    -0.001189172430895269,
                    1.497056089493499e-16
                ],
                [
                    4.738283735150617e-07,
                    -0.023117032274603842,
                    -0.9997327327728271,
                    0.5306564569473267
                ],
                [
                    -0.05146186202764511,
                    0.9984076142311097,
                    -0.023086413741111755,
                    -0.7736982703208922
                ]
            ],
            [
                [
                    0.8999702334403992,
                    0.39178967475891113,
                    -0.19100845754146578,
                    7.453328352993813e-15
                ],
                [
                    2.208626938227098e-07,
                    0.4382222294807434,
                    0.8988666653633118,
                    1.1363269090652466
                ],
                [
                    0.43587081432342534,
                    -0.8089532494544982,
                    0.3943868696689605,
                    -2.0440117835998537
                ]
            ]
        ],
        [
            [
                [
                    0.998573985695839,
                    0.05336048193275929,
                    -0.0012333925231359899,
                    1.497056089493499e-16
                ],
                [
                    4.736968335805613e-07,
                    -0.02311703069135547,
                    -0.9997327327728271,
                    0.5306564569473267
                ],
                [
                    -0.053374733775854104,
                    0.9983071535825729,
                    -0.02308409083634615,
                    -0.7332213699817658
                ]
            ],
            [
                [
                    0.8925541639328003,
                    0.4052508056163788,
                    -0.19757114127278327,
                    7.453328352993813e-15
                ],
                [
                    2.3035878911059623e-07,
                    0.4382222294807434,
                    0.8988666534423828,
                    1.1363269090652466
                ],
                [
                    0.45084649026393886,
                    -0.8022871673107148,
                    0.3911369919776917,
                    -2.003534871339798
                ]
            ]
        ],
        [
            [
                [
                    0.9984779357910156,
                    0.05512876994907856,
                    -0.001274281123187393,
                    -7.23389959756814e-17
                ],
                [
                    4.7357373489376187e-07,
                    -0.02311702910810709,
                    -0.9997327327728271,
                    0.530656486749649
                ],
                [
                    -0.05514349229633808,
                    0.9982111155986786,
                    -0.02308187074959278,
                    -0.691472053527832
                ]
            ],
            [
                [
                    0.8854952752590179,
                    0.41758377850055695,
                    -0.20358382910490036,
                    7.453328352993813e-15
                ],
                [
                    2.5477774556748045e-07,
                    0.4382222443819046,
                    0.8988666534423828,
                    1.1363269686698914
                ],
                [
                    0.46456706523895264,
                    -0.7959421873092651,
                    0.3880436420440674,
                    -1.9617855548858643
                ]
            ]
        ],
        [
            [
                [
                    0.9983878314495087,
                    0.05673927105963229,
                    -0.0013115211797412483,
