{
  "P": [
    [
      [
        [
          1.0,
          9.624533624163155e-17,
          -2.384185791015625e-07,
          5.914707324457141e-17
        ],
        [
          7.853698802406939e-10,
          0.9999945759773254,
          0.0032940804958343506,
          -0.6554059386253357
        ],
        [
          2.3841728591378342e-07,
          -0.0032940804958343506,
          0.9999945759773254,
          0.07951659709215164
        ]
      ],
      [
        [
          1.0,
          2.1122758390701007e-17,
          2.851822036441416e-14,
          1.2991126953518456e-16
        ],
        [
          -3.271678311296891e-14,
          0.4257684350013733,
          0.9048321843147278,
          0.19620530307292938
        ],
        [
          -3.168896622971623e-14,
          -0.9048321843147278,
          0.4257683753967285,
          -0.4328799843788147
        ]
      ]
    ],
    [
      [
        [
          1.0,
          9.624533624163155e-17,
          -2.384185791015625e-07,
          5.914707324457141e-17
        ],
        [
          7.853698802406939e-10,
          0.9999945759773254,
          0.0032940804958343506,
          -0.6554059386253357
        ],
        [
          2.3841728591378342e-07,
          -0.0032940804958343506,
          0.9999945759773254,
          0.07951659709215164
        ]
      ],
      [
        [
          1.0,
          2.1122758390701007e-17,
          2.851822036441416e-14,
          1.2991126953518456e-16
        ],
        [
          -3.271678311296891e-14,
          0.4257684350013733,
          0.9048321843147278,
          0.19620530307292938
        ],
        [
          -3.168896622971623e-14,
          -0.9048321843147278,
          0.4257683753967285,
          -0.4328799843788147
        ]
      ]
    ],
    [
      [
        [
          0.9999991059303284,
          4.452234406926436e-06,
          -0.0013518298510462046,
          5.916995636903708e-17
        ],
        [
          8.731148026797086e-10,
          0.9999945759773254,
          0.0032940804958343506,
          -0.6554059386253357
        ],
        [
          0.0013518370687961578,
          -0.0032940804958343506,
          0.9999937415122986,
          0.0805576890707016
        ]
      ],
      [
        [
          0.9999998807907104,
          -0.00045657777809537947,
          0.00021484255557879806,
          0.0006925544585101306
        ],
        [
          1.0186330945405331e-10,
          0.4257684350013733,
          0.9048321843147278,
          0.19620531797409058
        ],
        [
          -0.0005045994184911251,
          -0.9048320651054382,
          0.42576834559440613,
          -0.4318384528160095
        ]
      ]
    ],
    [
      [
        [
          0.9999861121177673,
          1.7342836144962348e-05,
          -0.005265106912702322,
          5.923834766208296e-17
        ],
        [
          1.1641531072470457e-09,
          0.9999945759773254,
          0.003294050693511963,
          -0.6554058790206909
        ],
        [
          0.005265135318040848,
          -0.003294050693511963,
          0.9999806880950928,
          0.08366932719945908
        ]
      ],
      [
        [
          0.9999980330467224,
          -0.001779407961294055,
          0.000837299507111311,
          0.002697714837267995
        ],
        [
          8.149071417662412e-10,
          0.4257684648036957,
          0.904832124710083,
          0.19620530307292938
        ],
        [
          -0.001966561656445265,
          -0.9048303961753845,
          0.4257674813270569,
          -0.4287201166152954
        ]
      ]
    ],
    [
      [
        [
          0.9999335408210754,
          3.7975103623466566e-05,
          -0.011528568342328072,
          5.935185669445994e-17
        ],
        [
          9.313224635931761e-10,
          0.9999946355819702,
          0.0032941102981567383,
          -0.6554059386253357
        ],
        [
          0.011528631672263145,
          -0.003293842077255249,
          0.9999281167984009,
          0.08883409202098846
        ]
      ],
      [
        [
          0.999990701675415,
          -0.0038994268979877234,
          0.001834874739870429,
          0.005907108075916767
        ],
        [
          -6.984920419839113e-10,
          0.4257684350013733,
          0.9048323035240173,
          0.19620531797409058
        ],
        [
          -0.004309557843953371,
          -0.9048237800598145,
          0.4257645010948181,
          -0.42352837324142456
        ]
      ]
    ],
    [
      [
        [
          0.9998013377189636,
          6.565331568708643e-05,
          -0.0199310090392828,
          5.951010627180869e-17
        ],
        [
          1.3969837509009153e-09,
          0.9999946355819702,
          0.0032940804958343506,
          -0.6554059386253357
        ],
        [
          0.019931117072701454,
          -0.0032934248447418213,
          0.9997959136962891,
          0.0960344597697258
        ]
      ],
      [
        [
          0.9999721646308899,
          -0.00674864137545228,
          0.003175570862367749,
          0.01021251268684864
        ],
        [
          6.984918199393064e-10,
          0.4257684350013733,
          0.9048321843147278,
          0.1962052583694458
        ],
        [
          -0.0074584465473890305,
          -0.9048070311546326,
          0.4257565140724182,
          -0.416260302066803
        ]
      ]
    ],
    [
      [
        [
          0.9995420575141907,
          9.967987716663629e-05,
          -0.030260656028985977,
          5.971271258232497e-17
        ],
        [
          1.8626450382086546e-09,
          0.9999945759773254,
          0.0032940804958343506,
          -0.6554059386253357
        ],
        [
          0.03026081994175911,
          -0.003292590379714966,
          0.9995365738868713,
          0.1052529513835907
        ]
      ],
      [
        [
          0.9999357461929321,
          -0.010259335860610008,
          0.004827529191970825,
          0.015505416318774223
        ],
        [
          -9.31322685637781e-10,
          0.4257684648036957,
          0.904832124710083,
          0.1962052881717682
        ],
        [
          -0.011338385753333569,
          -0.904774010181427,
          0.4257410168647766,
          -0.4069089889526367
        ]
      ]
    ],
    [
      [
        [
          0.9991047978401184,
          0.0001393527491018176,
          -0.0423043891787529,
          5.995928519675968e-17
        ],
        [
          3.725290298461914e-09,
          0.9999946355819702,
          0.0032941102981567383,
          -0.6554059386253357
        ],
        [
          0.042304620146751404,
          -0.0032911300659179688,
          0.9990993738174438,
          0.11647208780050278
        ]
      ],
      [
        [
          0.9998739957809448,
          -0.014363348484039307,
          0.006758665665984154,
          0.021676618605852127
        ],
        [
          9.313224635931761e-10,
          0.4257684648036957,
          0.9048322439193726,
          0.19620534777641296
        ],
        [
          -0.015874044969677925,
          -0.9047182202339172,
          0.42571476101875305,
          -0.3954657316207886
        ]
      ]
    ],
    [
      [
        [
          0.9984393119812012,
          0.00018396353698335588,
          -0.05584714934229851,
          6.024944692075348e-17
        ],
        [
          3.725290298461914e-09,
          0.9999946355819702,
          0.0032941102981567383,
          -0.6554059386253357
        ],
        [
          0.05584745481610298,
          -0.003288954496383667,
          0.9984338879585266,
          0.12967443466186523
        ]
      ],
      [
        [
          0.9997796416282654,
          -0.018991492688655853,
          0.008936443366110325,
          0.02861591801047325
        ],
        [
          -9.71445146547012e-17,
          0.4257684350013733,
          0.9048322439193726,
          0.19620537757873535
        ],
        [
          -0.020988963544368744,
          -0.9046328663825989,
          0.4256746172904968,
          -0.3819224238395691
        ]
      ]
    ],
    [
      [
        [
          0.9974996447563171,
          0.00023279640299733728,
          -0.07067164033651352,
          6.058281394250215e-17
        ],
        [
          3.725290298461914e-09,
          0.9999945759773254,
          0.0032941102981567383,
          -0.6554058790206909
        ],
        [
          0.07067202031612396,
          -0.0032858550548553467,
          0.9974942207336426,
          0.1448425054550171
        ]
      ],
      [
        [
          0.9996460676193237,
          -0.02407306432723999,
          0.011327574960887432,
          0.036211978644132614
        ],
        [
          4.6566128730773926e-09,
          0.4257684648036957,
          0.904832124710083,
          0.19620531797409058
        ],
        [
          -0.02660501003265381,
          -0.9045118689537048,
          0.42561763525009155,
          -0.36627283692359924
        ]
      ]
    ],
    [
      [
        [
          0.9962467551231384,
          0.0002851281315088272,
          -0.08655829727649689,
          6.095900245020147e-17
        ],
        [
          3.725290298461914e-09,
          0.9999945759773254,
          0.0032940804958343506,
          -0.6554059386253357
        ],
        [
          0.0865587666630745,
          -0.003281712532043457,
          0.9962413311004639,
          0.16195881366729736
        ]
      ],
      [
        [
          0.999467134475708,
          -0.029535705223679543,
          0.013898019678890705,
          0.04435228556394577
        ],
        [
          1.8626450382086546e-09,
          0.4257684350013733,
          0.9048321843147278,
          0.19620533287525177
        ],
        [
          -0.032642193138599396,
          -0.9043500423431396,
          0.425541490316391,
          -0.3485145568847656
        ]
      ]
    ],
    [
      [
        [
          0.994651734828949,
          0.0003402289003133774,
          -0.10328555852174759,
          6.13776220146023e-17
        ],
        [
          7.450580596923828e-09,
          0.9999946355819702,
          0.0032940804958343506,
          -0.6554058790206909
        ],
        [
          0.10328611731529236,
          -0.0032764673233032227,
          0.9946463704109192,
          0.18100591003894806
        ]
      ],
      [
        [
          0.9992384314537048,
          -0.03530532494187355,
          0.016612909734249115,
          0.05292332544922829
        ],
        [
          1.210719347000122e-08,
          0.4257684648036957,
          0.9048321843147278,
          0.1962052881717682
        ],
        [
          -0.0390186607837677,
          -0.904143214225769,
          0.42544421553611755,
          -0.32865023612976074
        ]
      ]
    ],
    [
      [
        [
          0.9926974177360535,
          0.00039736402686685324,
          -0.1206304058432579,
          6.183828882390044e-17
        ],
        [
          3.725290298461914e-09,
          0.9999945759773254,
          0.0032941102981567383,
          -0.6554059386253357
        ],
        [
          0.12063106894493103,
          -0.0032700300216674805,
          0.9926920533180237,
          0.2019662857055664
        ]
      ],
      [
        [
          0.9989573955535889,
          -0.04130610078573227,
          0.01943656988441944,
          0.06181081384420395
        ],
        [
          5.587935447692871e-09,
          0.4257684350013733,
          0.904832124710083,
          0.1962052881717682
        ],
        [
          -0.04565057158470154,
          -0.9038889408111572,
          0.4253244698047638,
          -0.30668848752975464
        ]
      ]
    ],
    [
      [
        [
          0.990380585193634,
          0.0004557967185974121,
          -0.13836920261383057,
          6.234062568373654e-17
        ],
        [
          7.450580596923828e-09,
          0.9999945163726807,
          0.0032941102981567383,
          -0.6554058790206909
        ],
        [
          0.13836994767189026,
          -0.003262430429458618,
          0.9903752207756042,
          0.2248225063085556
        ]
      ],
      [
        [
          0.9986234307289124,
          -0.047460924834012985,
          0.02233271859586239,
          0.07090015709400177
        ],
        [
          -3.725290298461914e-09,
          0.4257684051990509,
          0.9048321843147278,
          0.196205273270607
        ],
        [
          -0.05245271325111389,
          -0.9035866260528564,
          0.4251822829246521,
          -0.28264516592025757
        ]
      ]
    ],
    [
      [
        [
          0.9877128601074219,
          0.000514791754540056,
          -0.15627868473529816,
          6.288424216486149e-17
        ],
        [
          1.1175870895385742e-08,
          0.9999946355819702,
          0.0032940804958343506,
          -0.6554059386253357
        ],
        [
          0.156279519200325,
          -0.0032535791397094727,
          0.9877075552940369,
          0.24955704808235168
        ]
      ],
      [
        [
          0.9982379078865051,
          -0.05369164049625397,
          0.025264589115977287,
          0.08007697016000748
        ],
        [
          1.1175870895385742e-08,
          0.42576849460601807,
          0.9048321843147278,
          0.19620537757873535
        ],
        [
          -0.05933879688382149,
          -0.9032378196716309,
          0.42501819133758545,
          -0.2565436363220215
        ]
      ]
    ],
    [
      [
        [
          0.9847212433815002,
          0.0005736179882660508,
          -0.17413689196109772,
          6.346876107291596e-17
        ],
        [
          7.450580596923828e-09,
          0.9999945759773254,
          0.0032941102981567383,
          -0.6554058790206909
        ],
        [
          0.17413784563541412,
          -0.003243774175643921,
          0.9847159385681152,
          0.27615246176719666
        ]
      ],
      [
        [
          0.9978048801422119,
          -0.05991983041167259,
          0.028195250779390335,
          0.08922749757766724
        ],
        [
          5.587935447692871e-09,
          0.4257684648036957,
          0.9048321843147278,
          0.19620531797409058
        ],
        [
          -0.06622204929590225,
          -0.9028459787368774,
          0.4248337745666504,
          -0.2284153550863266
        ]
      ]
    ],
    [
      [
        [
          0.9814485907554626,
          0.0006315526552498341,
          -0.19172444939613342,
          6.409379197865083e-17
        ],
        [
          7.450580596923828e-09,
          0.9999945759773254,
          0.0032940804958343506,
          -0.6554059386253357
        ],
        [
          0.191725492477417,
          -0.0032329559326171875,
          0.9814433455467224,
          0.3045913577079773
        ]
      ],
      [
        [
          0.9973307251930237,
          -0.06606712192296982,
          0.031087860465049744,
          0.09823935478925705
        ],
        [
          1.30385160446167e-08,
          0.4257684648036957,
          0.9048321843147278,
          0.19620534777641296
        ],
        [
          -0.07301587611436844,
          -0.902417004108429,
          0.4246319532394409,
          -0.19829949736595154
        ]
      ]
    ],
    [
      [
        [
          0.9779527187347412,
          0.0006878841668367386,
          -0.20882537961006165,
          6.475895768770677e-17
        ],
        [
          -9.71445146547012e-17,
          0.9999945759773254,
          0.0032940804958343506,
          -0.6554059386253357
        ],
        [
          0.20882651209831238,
          -0.0032215118408203125,
          0.9779474139213562,
          0.33485615253448486
        ]
      ],
      [
        [
          0.9968241453170776,
          -0.07205574959516525,
          0.03390578553080559,
          0.10700186342000961
        ],
        [
          5.587935447692871e-09,
          0.4257684350013733,
          0.904832124710083,
          0.19620534777641296
        ],
        [
          -0.07963436841964722,
          -0.9019585847854614,
          0.424416184425354,
          -0.1662435084581375
        ]
      ]
    ],
    [
      [
        [
          0.9743058085441589,
          0.0007419154862873256,
          -0.2252279818058014,
          6.546386777083466e-17
        ],
        [
          7.450580596923828e-09,
          0.9999945759773254,
          0.0032940804958343506,
          -0.6554058790206909
        ],
        [
          0.2252292037010193,
          -0.0032094717025756836,
          0.9743005633354187,
          0.3669293522834778
        ]
      ],
      [
        [
          0.996295690536499,
          -0.07780922949314117,
          0.03661312535405159,
          0.11540654301643372
        ],
        [
          1.1175870895385742e-08,
          0.4257684350013733,
          0.9048321843147278,
          0.19620536267757416
        ],
        [
          -0.08599302917718887,
          -0.9014804363250732,
          0.4241912364959717,
          -0.13230162858963013
        ]
      ]
    ],
    [
      [
        [
          0.9705929756164551,
          0.0007929650018922985,
          -0.2407253384590149,
          6.620813841623027e-17
        ],
        [
          1.4901161193847656e-08,
          0.9999946355819702,
          0.0032940804958343506,
          -0.6554058790206909
        ],
        [
          0.24072663486003876,
          -0.003197222948074341,
          0.9705876708030701,
          0.4007936120033264
        ]
      ],
      [
        [
          0.9957581758499146,
          -0.08325266093015671,
          0.039174534380435944,
          0.12334737181663513
        ],
        [
          -3.725290298461914e-09,
          0.42576849460601807,
          0.9048322439193726,
          0.19620540738105774
        ],
        [
          -0.09200894832611084,
          -0.900994062423706,
          0.4239623546600342,
          -0.09653489291667938
        ]
      ]
    ],
    [
      [
        [
          0.9669101238250732,
          0.000840368214994669,
          -0.2551158666610718,
          6.699139242953429e-17
        ],
        [
          7.450580596923828e-09,
          0.9999946355819702,
          0.0032940804958343506,
          -0.6554058790206909
        ],
        [
          0.2551172375679016,
          -0.003185063600540161,
          0.966904878616333,
          0.436431348323822
        ]
      ],
      [
        [
          0.9952256083488464,
          -0.08831275254487991,
          0.04155554622411728,
          0.1307210773229599
        ],
        [
          1.1175870895385742e-08,
          0.4257684648036957,
          0.9048322439193726,
          0.19620542228221893
        ],
        [
          -0.09760124981403351,
          -0.900512158870697,
          0.4237355887889862,
          -0.0590100958943367
        ]
      ]
    ],
    [
      [
        [
          0.9633621573448181,
          0.0008834768086671829,
          -0.26820260286331177,
          6.781323938149757e-17
        ],
        [
          7.450580596923828e-09,
          0.9999945163726807,
          0.0032941102981567383,
          -0.6554059386253357
        ],
        [
          0.26820406317710876,
          -0.0031733810901641846,
          0.9633568525314331,
          0.4738251864910126
        ]
      ],
      [
        [
          0.994713306427002,
          -0.09291840344667435,
          0.043722718954086304,
          0.1374267041683197
        ],
        [
          3.725290298461914e-08,
          0.4257684350013733,
          0.9048321843147278,
          0.1962052881717682
        ],
        [
          -0.10269130021333694,
          -0.900048553943634,
          0.42351746559143066,
          -0.019798249006271362
        ]
      ]
    ],
    [
      [
        [
          0.9600599408149719,
          0.0009216561447829008,
          -0.2797929346561432,
          6.867329546031591e-17
        ],
        [
          7.450580596923828e-09,
          0.9999946355819702,
          0.0032940804958343506,
          -0.6554059386253357
        ],
        [
          0.27979445457458496,
          -0.0031625330448150635,
          0.9600546956062317,
          0.5129575133323669
        ]
      ],
      [
        [
          0.9942371845245361,
          -0.09700019657611847,
          0.04564338177442551,
          0.14336559176445007
        ],
        [
          3.3527612686157227e-08,
          0.4257684648036957,
          0.9048322439193726,
          0.19620540738105774
        ],
        [
          -0.10720240324735641,
          -0.8996177911758423,
          0.42331477999687195,
          0.021026071161031723
        ]
      ]
    ],
    [
      [
        [
          0.9571176171302795,
          0.0009542846819385886,
          -0.28969815373420715,
          6.957117685418507e-17
        ],
        [
          1.4901161193847656e-08,
          0.9999946355819702,
          0.0032941102981567383,
          -0.6554058790206909
        ],
        [
          0.2896997034549713,
          -0.003152817487716675,
          0.9571124911308289,
          0.5538109540939331
        ]
      ],
      [
        [
          0.9938138127326965,
          -0.10048995912075043,
          0.04728551581501961,
          0.14844101667404175
        ],
        [
          3.725290298461914e-09,
          0.4257684350013733,
          0.9048321843147278,
          0.19620534777641296
        ],
        [
          -0.11105921864509583,
          -0.8992347121238708,
          0.4231345057487488,
          0.06338712573051453
        ]
      ]
    ],
    [
      [
        [
          0.9546493291854858,
          0.00098074518609792,
          -0.2977309823036194,
          7.050649975130083e-17
        ],
        [
          2.2351741790771484e-08,
          0.9999946355819702,
          0.0032941102981567383,
          -0.6554058790206909
        ],
        [
          0.2977325916290283,
          -0.003144681453704834,
          0.9546440839767456,
          0.5963680744171143
        ]
      ],
      [
        [
          0.993459165096283,
          -0.1033211499452591,
          0.048617709428071976,
          0.15255703032016754
        ],
        [
          7.450580596923828e-09,
          0.4257684350013733,
          0.9048321843147278,
          0.19620533287525177
        ],
        [
          -0.11418815702199936,
          -0.8989138007164001,
          0.4229834973812103,
          0.10720902681350708
        ]
      ]
    ],
    [
      [
        [
          0.952765703201294,
          0.0010004229843616486,
          -0.30370470881462097,
          7.147888695730386e-17
        ],
        [
          1.4901161193847656e-08,
          0.9999945163726807,
          0.0032940804958343506,
          -0.6554059386253357
        ],
        [
          0.3037063479423523,
          -0.0031384825706481934,
          0.9527605175971985,
          0.6406112909317017
        ]
      ],
      [
        [
          0.9931888580322266,
          -0.10542695969343185,
          0.04960859566926956,
          0.15561795234680176
        ],
        [
          4.0978193283081055e-08,
          0.4257684350013733,
          0.904832124710083,
          0.19620530307292938
        ],
        [
          -0.11651546508073807,
          -0.8986692428588867,
          0.4228684902191162,
          0.15241745114326477
        ]
      ]
    ],
    [
      [
        [
          0.9515699148178101,
          0.001012697466649115,
          -0.3074309229850769,
          7.248794142550015e-17
        ],
        [
          1.4901161193847656e-08,
          0.9999945759773254,
          0.0032940804958343506,
          -0.6554058790206909
        ],
        [
          0.3074325919151306,
          -0.0031345784664154053,
          0.9515647292137146,
          0.6865232586860657
        ]
      ],
      [
        [
          0.9930174946784973,
          -0.10674060881137848,
          0.05022673308849335,
          0.15752726793289185
        ],
        [
          1.862645149230957e-08,
          0.4257684648036957,
          0.9048322439193726,
          0.19620537757873535
        ],
        [
          -0.11796725541353226,
          -0.8985141515731812,
          0.42279547452926636,
          0.19894209504127502
        ]
      ]
    ],
    [
      [
        [
          0.9511535167694092,
          0.0010169330053031445,
          -0.30871668457984924,
          7.353328596153036e-17
        ],
        [
          1.4901161193847656e-08,
          0.9999945759773254,
          0.0032940804958343506,
          -0.6554058790206909
        ],
        [
          0.30871835350990295,
          -0.0031331777572631836,
          0.9511483311653137,
          0.7340862154960632
        ]
      ],
      [
        [
          0.9929577708244324,
          -0.10719411075115204,
          0.05044014751911163,
          0.15818610787391663
        ],
        [
          1.4901161193847656e-08,
          0.4257684350013733,
          0.9048321843147278,
          0.19620531797409058
        ],
        [
          -0.11846853792667389,
          -0.8984601497650146,
          0.42277002334594727,
          0.2467183768749237
        ]
      ]
    ],
    [
      [
        [
          0.95167076587677,
          0.0010116688208654523,
          -0.30711856484413147,
          7.461454337103518e-17
        ],
        [
          7.450580596923828e-09,
          0.9999946355819702,
          0.0032941102981567383,
          -0.6554059386253357
        ],
        [
          0.30712026357650757,
          -0.00313490629196167,
          0.9516655206680298,
          0.7832831740379333
        ]
      ],
      [
        [
          0.993102490901947,
          -0.10609125345945358,
          0.049921244382858276,
          0.15736721456050873
        ],
        [
          -4.0978193283081055e-08,
          0.4257684051990509,
          0.9048321843147278,
          0.19620533287525177
        ],
        [
          -0.11724963039159775,
          -0.8985909819602966,
          0.42283162474632263,
          0.2956503629684448
        ]
      ]
    ],
    [
      [
        [
          0.9531623125076294,
          0.0009963156189769506,
          -0.302457720041275,
          7.573132322476547e-17
        ],
        [
          7.450580596923828e-09,
          0.9999945759773254,
          0.0032941102981567383,
          -0.6554059386253357
        ],
        [
          0.30245935916900635,
          -0.003139793872833252,
          0.9531570672988892,
          0.8340962529182434
        ]
      ],
      [
        [
          0.9935128092765808,
          -0.1028977632522583,
          0.048418499529361725,
          0.15497900545597076
        ],
        [
          -7.450580596923828e-09,
          0.4257684350013733,
          0.904832124710083,
          0.1962052583694458
        ],
        [
          -0.11372020095586777,
          -0.8989623188972473,
          0.4230063557624817,
          0.3456991910934448
        ]
      ]
    ],
    [
      [
        [
          0.9555196762084961,
          0.0009715053020045161,
          -0.29492589831352234,
          7.688323509347212e-17
        ],
        [
          2.2351741790771484e-08,
          0.9999946355819702,
          0.0032941102981567383,
          -0.6554058790206909
        ],
        [
          0.2949274778366089,
          -0.0031475424766540527,
          0.9555144906044006,
          0.886508047580719
        ]
      ],
      [
        [
          0.9941443204879761,
          -0.09777659922838211,
          0.04600875452160835,
          0.15111970901489258
        ],
        [
          2.60770320892334e-08,
          0.4257684350013733,
          0.9048321843147278,
          0.19620543718338013
        ],
        [
          -0.10806048661470413,
          -0.899533748626709,
          0.4232752025127411,
          0.3969030976295471
        ]
      ]
    ],
    [
      [
        [
          0.9586142897605896,
          0.0009378419490531087,
          -0.2847065329551697,
          7.806990840024069e-17
        ],
        [
          7.450580596923828e-09,
          0.9999945759773254,
          0.0032940804958343506,
          -0.6554058790206909
        ],
        [
          0.28470808267593384,
          -0.0031577348709106445,
          0.9586090445518494,
          0.9405012726783752
        ]
      ],
      [
        [
          0.994942843914032,
          -0.0908840149641037,
          0.04276542365550995,
          0.14588330686092377
        ],
        [
          3.725290298461914e-08,
          0.4257684350013733,
          0.9048321843147278,
          0.19620536267757416
        ],
        [
          -0.10044291615486145,
          -0.9002562165260315,
          0.4236152172088623,
          0.44931066036224365
        ]
      ]
    ],
    [
      [
        [
          0.9623028039932251,
          0.0008959160186350346,
          -0.27197885513305664,
          7.929094609837717e-17
        ],
        [
          7.450580596923828e-09,
          0.9999946355819702,
          0.0032940804958343506,
          -0.6554058194160461
        ],
        [
          0.271980345249176,
          -0.003169924020767212,
          0.9622975587844849,
          0.9960582852363586
        ]
      ],
      [
        [
          0.9958475232124329,
          -0.08237258344888687,
          0.03876040130853653,
          0.1393616646528244
        ],
        [
          1.1175870895385742e-08,
          0.4257684648036957,
          0.9048322439193726,
          0.19620542228221893
        ],
        [
          -0.09103633463382721,
          -0.9010748863220215,
          0.42400044202804565,
          0.5029776096343994
        ]
      ]
    ],
    [
      [
        [
          0.9664320349693298,
          0.000846314535010606,
          -0.2569209635257721,
          8.054597761096712e-17
        ],
        [
          7.450580596923828e-09,
          0.9999946355819702,
          0.0032941102981567383,
          -0.6554058790206909
        ],
        [
          0.2569223642349243,
          -0.003183513879776001,
          0.9664267897605896,
          1.05316162109375
        ]
      ],
      [
        [
          0.9967939257621765,
          -0.0723973885178566,
          0.0340665802359581,
          0.13164599239826202
        ],
        [
          -1.1175870895385742e-08,
          0.4257684350013733,
          0.9048321843147278,
          0.19620543718338013
        ],
        [
          -0.08001197129487991,
          -0.9019312262535095,
          0.4244033098220825,
          0.5579651594161987
        ]
      ]
    ],
    [
      [
        [
          0.9708431959152222,
          0.0007896335446275771,
          -0.23971402645111084,
          8.183459927387163e-17
        ],
        [
          7.450580596923828e-09,
          0.9999946355819702,
          0.0032940804958343506,
          -0.6554058790206909
        ],
        [
          0.2397153377532959,
          -0.0031980574131011963,
          0.9708379507064819,
          1.111793875694275
        ]
      ],
      [
        [
          0.9977161288261414,
          -0.06111852079629898,
          0.028759323060512543,
          0.12282918393611908
        ],
        [
          -9.313225746154785e-09,
          0.4257684648036957,
          0.9048322439193726,
          0.19620540738105774
        ],
        [
          -0.06754682213068008,
          -0.9027656316757202,
          0.4247960150241852,
          0.6143370866775513
        ]
      ]
    ],
    [
      [
        [
          0.9753767251968384,
          0.0007264865562319756,
          -0.22054411470890045,
          8.315644051017627e-17
        ],
        [
          7.450580596923828e-09,
          0.9999946355819702,
          0.0032940804958343506,
          -0.6554059386253357
        ],
        [
          0.22054530680179596,
          -0.0032130181789398193,
          0.9753714799880981,
          1.1719377040863037
        ]
      ],
      [
        [
          0.9985502362251282,
          -0.048704687505960464,
          0.022917980328202248,
          0.11300653219223022
        ],
        [
          -9.313225746154785e-09,
          0.4257684051990509,
          0.9048322439193726,
          0.19620537757873535
        ],
        [
          -0.05382732301950455,
          -0.9035203456878662,
          0.42515110969543457,
          0.6721579432487488
        ]
      ]
    ],
    [
      [
        [
          0.9798762202262878,
          0.0006575117586180568,
          -0.1996050328016281,
          8.451112412552171e-17
        ],
        [
          2.2351741790771484e-08,
          0.9999946355819702,
          0.003294050693511963,
          -0.6554058790206909
        ],
        [
          0.19960610568523407,
          -0.003227829933166504,
          0.9798709154129028,
          1.2335753440856934
        ]
      ],
      [
        [
          0.9992371797561646,
          -0.03533567860722542,
          0.01662718877196312,
          0.10227735340595245
        ],
        [
          2.60770320892334e-08,
          0.4257684648036957,
          0.904832124710083,
          0.19620537757873535
        ],
        [
          -0.039052192121744156,
          -0.904141902923584,
          0.4254435896873474,
          0.7314901351928711
        ]
      ]
    ],
    [
      [
        [
          0.9841926693916321,
          0.0005833783070556819,
          -0.17709988355636597,
          8.589825969065884e-17
        ],
        [
          -9.71445146547012e-17,
          0.9999946355819702,
          0.0032940804958343506,
          -0.6554058790206909
        ],
        [
          0.17710085213184357,
          -0.003241986036300659,
          0.9841874241828918,
          1.2966892719268799
        ]
      ],
      [
        [
          0.999725341796875,
          -0.021202603355050087,
          0.009976865723729134,
          0.09074573963880539
        ],
        [
          1.8626450382086546e-09,
          0.4257684648036957,
          0.9048321843147278,
          0.19620540738105774
        ],
        [
          -0.02343263290822506,
          -0.904583752155304,
          0.42565152049064636,
          0.792392373085022
        ]
      ]
    ],
    [
      [
        [
          0.9881885647773743,
          0.0005047877202741802,
          -0.15324164927005768,
          8.731745015889362e-17
        ],
        [
          1.4901161193847656e-08,
          0.9999945759773254,
          0.0032941102981567383,
          -0.6554058790206909
        ],
        [
          0.15324248373508453,
          -0.003255218267440796,
          0.9881832599639893,
          1.3612626791000366
        ]
      ],
      [
        [
          0.9999741315841675,
          -0.006508758757263422,
          0.0030626936350017786,
          0.07852078974246979
        ],
        [
          7.2177499532699585e-09,
          0.4257683753967285,
          0.9048321843147278,
          0.19620537757873535
        ],
        [
          -0.0071933274157345295,
          -0.9048087000846863,
          0.42575740814208984,
          0.8549183011054993
        ]
      ]
    ],
    [
      [
        [
          0.9917412400245667,
          0.00042247588862665,
          -0.128253772854805,
          8.876832495331163e-17
        ],
        [
          3.725290298461914e-09,
          0.9999945163726807,
          0.0032941102981567383,
          -0.6554058790206909
        ],
        [
          0.1282544732093811,
          -0.0032669007778167725,
          0.9917359352111816,
          1.4272772073745728
        ]
      ],
      [
        [
          0.9999555349349976,
          0.008532408624887466,
          -0.004014912527054548,
          0.06571701914072037
        ],
        [
          -9.313225746154785e-09,
          0.4257684051990509,
          0.9048321843147278,
          0.19620534777641296
        ],
        [
          0.009429819881916046,
          -0.9047920107841492,
          0.4257494807243347,
          0.9191123247146606
        ]
      ]
    ],
    [
      [
        [
          0.9947464466094971,
          0.00033721060026437044,
          -0.1023692637681961,
          9.025051349699845e-17
        ],
        [
          3.725290298461914e-09,
          0.9999946355819702,
          0.0032941102981567383,
          -0.6554058790206909
        ],
        [
          0.10236983001232147,
          -0.0032767951488494873,
          0.9947410225868225,
          1.4947160482406616
        ]
      ],
      [
        [
          0.9996569752693176,
          0.02369912527501583,
          -0.011151603423058987,
          0.052453815937042236
        ],
        [
          -5.587935447692871e-09,
          0.4257684051990509,
          0.9048322439193726,
          0.19620540738105774
        ],
        [
          0.02619173564016819,
          -0.9045217633247375,
          0.4256223738193512,
          0.9850113987922668
        ]
      ]
    ],
    [
      [
        [
          0.99712073802948,
          0.00024978769943118095,
          -0.07582978159189224,
          9.176360550837025e-17
        ],
        [
          3.725290298461914e-09,
          0.9999945759773254,
          0.0032940804958343506,
          -0.6554058194160461
        ],
        [
          0.07583019137382507,
          -0.003284633159637451,
          0.9971153736114502,
          1.5635613203048706
        ]
      ],
      [
        [
          0.9990818500518799,
          0.03876451775431633,
          -0.018240628764033318,
          0.03885500133037567
        ],
        [
          5.587935447692871e-09,
          0.4257684648036957,
          0.9048320651054382,
          0.19620537757873535
        ],
        [
          0.042841676622629166,
          -0.9040014147758484,
          0.42537742853164673,
          1.0526400804519653
        ]
      ]
    ],
    [
      [
        [
          0.9988044500350952,
          0.00016102567315101624,
          -0.04888375848531723,
          9.33072171756228e-17
        ],
        [
          3.725290298461914e-09,
          0.9999945759773254,
          0.0032941102981567383,
          -0.6554059386253357
        ],
        [
          0.04888402298092842,
          -0.003290146589279175,
          0.9987990856170654,
          1.6337956190109253
        ]
      ],
      [
        [
          0.998250424861908,
          0.05350019037723541,
          -0.02517448551952839,
          0.02504788152873516
        ],
        [
          -7.450580596923828e-09,
          0.4257684648036957,
          0.9048321843147278,
          0.19620540738105774
        ],
        [
          0.05912719666957855,
          -0.9032491445541382,
          0.42502349615097046,
          1.122011661529541
        ]
      ]
    ],
    [
      [
        [
          0.9997627139091492,
          7.175830978667364e-05,
          -0.021784324198961258,
          9.488097792184169e-17
        ],
        [
          9.313224635931761e-10,
          0.9999946355819702,
          0.0032941102981567383,
          -0.6554058790206909
        ],
        [
          0.02178444340825081,
          -0.0032933056354522705,
          0.9997572898864746,
          1.7054015398025513
        ]
      ],
      [
        [
          0.997198760509491,
          0.0676799863576889,
          -0.03184681013226509,
          0.011162150651216507
        ],
